===== League 8 =====
AFC Bournemouth: Opp SOT: 4,7,4,8,1,2,1,1,10 | Opp Shots: 8,20,12,19,4,6,5,6,19 | Opp Fouls: 7,8,10,12,10,10,17,16,7 | Opp Tackles: 19,23,11,27,19,20,16,21,16 | Opp Cards: 1,1,1,2,1,4,2,5,1 | Opp Saves: 3,2,3,3,2,3,5,3,1 | Opp GKicks: 7,4,14,11,7,6,10,6,4 | Opp Corners: 4,6,3,7,2,4,0,3,6
Arsenal: Opp SOT: 1,0,0,3,3,1,3,1,7 | Opp Shots: 7,9,4,8,5,5,9,3,22 | Opp Fouls: 11,11,14,8,10,11,7,11,10 | Opp Tackles: 16,20,17,12,13,12,11,18,22 | Opp Cards: 0,0,2,2,2,1,2,2,1 | Opp Saves: 2,4,3,5,2,2,1,0,2 | Opp GKicks: 6,11,7,7,8,11,7,12,5 | Opp Corners: 3,6,3,7,1,3,3,2,3
Aston Villa: Opp SOT: 4,3,2,4,4,2,4,2,3 | Opp Shots: 18,10,5,11,14,20,6,9,16 | Opp Fouls: 16,11,15,13,14,17,14,11,11 | Opp Tackles: 14,25,27,16,20,23,26,28,10 | Opp Cards: 4,2,1,4,3,3,3,1,1 | Opp Saves: 2,0,5,1,1,1,4,2,3 | Opp GKicks: 3,6,8,4,13,6,10,7,3 | Opp Corners: 6,6,4,8,6,10,1,2,6
Brentford: Opp SOT: 5,1,4,6,3,6,3,2,5 | Opp Shots: 18,7,10,14,14,16,12,17,11 | Opp Fouls: 10,10,6,10,11,9,11,9,7 | Opp Tackles: 21,16,14,16,19,15,28,14,12 | Opp Cards: 2,1,2,2,4,2,3,2,1 | Opp Saves: 5,4,1,5,2,3,3,1,2 | Opp GKicks: 10,9,8,3,5,2,5,10,6 | Opp Corners: 4,6,2,2,2,6,3,9,5
Brighton & Hove Albion: Opp SOT: 9,3,3,3,3,5,3,3,2 | Opp Shots: 13,16,6,13,11,13,12,11,7 | Opp Fouls: 4,8,13,9,13,16,14,7,15 | Opp Tackles: 21,17,26,21,26,18,15,15,15 | Opp Cards: 2,1,2,4,2,4,2,4,3 | Opp Saves: 3,3,5,0,2,1,5,4,3 | Opp GKicks: 12,5,11,11,9,12,7,7,10 | Opp Corners: 1,4,2,5,10,4,2,2,3
Burnley: Opp SOT: 7,4,7,8,8,4,6,1,6 | Opp Shots: 15,19,15,21,17,27,26,9,16 | Opp Fouls: 12,7,9,5,11,9,9,5,14 | Opp Tackles: 14,13,15,8,11,10,16,18,12 | Opp Cards: 1,1,3,1,1,2,1,1,0 | Opp Saves: 4,1,1,1,4,0,1,0,4 | Opp GKicks: 3,3,4,4,6,6,4,8,9 | Opp Corners: 4,5,6,10,5,13,7,3,6
Chelsea: Opp SOT: 4,2,2,3,4,4,3,4,4 | Opp Shots: 10,12,12,12,11,7,11,12,11 | Opp Fouls: 13,13,8,16,13,13,17,7,12 | Opp Tackles: 14,19,16,21,21,17,29,11,16 | Opp Cards: 1,2,2,5,3,3,2,0,3 | Opp Saves: 6,3,4,2,0,4,4,2,2 | Opp GKicks: 8,9,10,5,2,7,8,4,14 | Opp Corners: 1,5,2,7,5,5,4,7,2
Crystal Palace: Opp SOT: 3,5,7,4,3,0,4,1,3 | Opp Shots: 10,8,14,20,8,6,13,9,19 | Opp Fouls: 6,16,13,8,15,8,7,11,10 | Opp Tackles: 12,18,19,7,9,13,11,12,13 | Opp Cards: 0,4,2,3,3,1,2,3,2 | Opp Saves: 1,4,5,5,1,6,1,3,4 | Opp GKicks: 9,11,4,8,11,7,3,10,7 | Opp Corners: 4,5,2,6,8,3,10,3,11
Everton: Opp SOT: 4,7,8,3,3,1,4,4,3 | Opp Shots: 7,19,15,14,11,7,12,13,21 | Opp Fouls: 8,8,16,16,11,15,15,15,6 | Opp Tackles: 20,15,31,16,18,16,23,17,15 | Opp Cards: 0,0,3,4,2,3,0,3,0 | Opp Saves: 2,1,5,5,1,2,1,1,1 | Opp GKicks: 9,3,5,9,6,16,4,9,4 | Opp Corners: 8,11,4,5,5,3,2,2,7
Fulham: Opp SOT: 7,5,6,4,3,3,6,3,4 | Opp Shots: 18,16,11,9,8,10,13,10,10 | Opp Fouls: 11,4,8,10,13,15,11,10,16 | Opp Tackles: 14,9,10,10,13,18,19,17,19 | Opp Cards: 0,0,0,1,1,2,2,1,3 | Opp Saves: 4,0,3,3,2,3,1,2,1 | Opp GKicks: 5,8,6,9,6,6,7,9,8 | Opp Corners: 4,10,4,2,10,3,6,6,4
Leeds United: Opp SOT: 3,3,3,5,6,3,2,5,1 | Opp Shots: 9,4,9,12,16,5,8,18,7 | Opp Fouls: 11,10,12,13,11,20,15,8,8 | Opp Tackles: 12,14,15,23,28,24,10,12,16 | Opp Cards: 3,2,3,2,1,1,1,0,2 | Opp Saves: 3,4,3,6,1,3,1,1,2 | Opp GKicks: 5,11,18,5,5,7,8,2,13 | Opp Corners: 4,1,1,4,4,3,5,2,2
Liverpool: Opp SOT: 8,4,6,7,2,0,1,3,3 | Opp Shots: 17,12,12,16,9,3,11,10,10 | Opp Fouls: 7,14,9,10,10,9,10,17,10 | Opp Tackles: 15,15,21,24,18,16,14,12,20 | Opp Cards: 3,2,0,1,3,3,2,3,2 | Opp Saves: 3,5,1,3,1,3,2,1,6 | Opp GKicks: 7,18,12,16,9,21,5,5,11 | Opp Corners: 5,4,7,2,4,1,8,7,7
Manchester City: Opp SOT: 3,1,1,2,3,2,7,5,3 | Opp Shots: 9,5,6,9,12,12,12,12,9 | Opp Fouls: 8,14,10,7,11,8,16,12,13 | Opp Tackles: 18,18,16,20,20,23,17,24,25 | Opp Cards: 1,2,3,3,1,0,2,4,1 | Opp Saves: 3,5,3,5,2,3,2,4,0 | Opp GKicks: 7,9,3,11,1,5,11,11,9 | Opp Corners: 5,3,3,2,11,4,3,2,4
Manchester United: Opp SOT: 5,6,3,8,1,6,3,4,3 | Opp Shots: 17,19,8,10,5,13,6,13,9 | Opp Fouls: 13,8,12,14,14,8,9,12,19 | Opp Tackles: 18,13,21,14,16,13,20,10,18 | Opp Cards: 2,0,4,2,6,0,5,1,4 | Opp Saves: 5,2,4,5,2,2,5,3,7 | Opp GKicks: 7,7,7,9,6,8,18,9,9 | Opp Corners: 6,9,3,4,5,2,1,9,4
Newcastle United: Opp SOT: 5,5,4,7,2,3,1,4,3 | Opp Shots: 12,13,5,20,11,8,10,5,3 | Opp Fouls: 18,9,15,9,7,17,10,15,13 | Opp Tackles: 19,21,13,13,15,16,18,13,11 | Opp Cards: 2,0,4,1,2,4,1,3,2 | Opp Saves: 5,2,7,2,1,3,2,1,3 | Opp GKicks: 8,12,8,3,5,8,11,6,14 | Opp Corners: 3,8,1,12,5,4,5,1,3
Nottingham Forest: Opp SOT: 5,6,9,3,5,5,8,4,3 | Opp Shots: 13,17,18,11,12,16,12,8,10 | Opp Fouls: 17,16,16,6,12,8,6,11,15 | Opp Tackles: 9,15,16,10,11,13,16,20,20 | Opp Cards: 3,5,0,2,1,1,0,3,2 | Opp Saves: 4,2,4,6,7,1,3,0,2 | Opp GKicks: 7,14,4,12,5,6,12,11,5 | Opp Corners: 6,2,8,4,4,8,7,1,5
Sunderland: Opp SOT: 7,3,6,6,2,6,4,2,4 | Opp Shots: 16,16,15,22,12,14,7,7,12 | Opp Fouls: 15,12,10,11,8,10,12,9,10 | Opp Tackles: 8,15,17,16,11,10,9,22,12 | Opp Cards: 1,0,1,4,1,1,2,0,1 | Opp Saves: 2,1,3,2,3,0,1,1,2 | Opp GKicks: 4,7,8,4,8,8,13,10,6 | Opp Corners: 9,2,2,7,5,5,4,4,7
Tottenham Hotspur: Opp SOT: 2,2,4,3,4,4,6,4,4 | Opp Shots: 12,8,16,9,12,7,20,10,14 | Opp Fouls: 9,7,10,11,10,8,13,7,8 | Opp Tackles: 19,24,19,31,25,13,28,20,6 | Opp Cards: 2,0,2,2,1,1,4,1,0 | Opp Saves: 1,2,1,2,2,2,1,3,3 | Opp GKicks: 3,7,9,6,14,9,9,10,13 | Opp Corners: 9,6,4,9,2,2,8,7,5
West Ham United: Opp SOT: 5,7,5,6,3,5,3,7,5 | Opp Shots: 13,22,21,12,18,14,11,12,10 | Opp Fouls: 12,10,14,7,5,7,14,10,8 | Opp Tackles: 21,11,23,11,22,16,19,19,14 | Opp Cards: 3,1,0,3,3,1,0,1,0 | Opp Saves: 2,1,0,2,2,4,5,3,4 | Opp GKicks: 8,8,4,7,10,6,5,7,6 | Opp Corners: 3,10,8,3,8,13,9,5,5
Wolverhampton Wanderers: Opp SOT: 7,2,6,3,4,4,4,4,4 | Opp Shots: 11,8,17,10,6,16,10,14,15 | Opp Fouls: 7,5,9,9,9,10,10,13,7 | Opp Tackles: 19,14,19,17,20,10,16,12,18 | Opp Cards: 0,0,4,3,1,1,1,2,2 | Opp Saves: 5,3,3,2,5,3,2,1,3 | Opp GKicks: 10,16,3,6,7,8,10,7,3 | Opp Corners: 3,2,8,10,0,9,2,8,5

===== League 9 =====
Birmingham City: Opp SOT: 1,6,7,4,3,5,2,3,2,1 | Opp Shots: 5,17,14,12,5,14,9,8,5,6 | Opp Fouls: 9,8,14,4,11,11,11,11,11,17 | Opp Tackles: 16,15,15,17,11,16,13,14,20,24 | Opp Cards: 2,2,7,0,2,1,4,3,3,0 | Opp Saves: 0,0,6,2,3,0,5,0,1,0 | Opp GKicks: 14,8,10,3,20,5,9,8,7,11 | Opp Corners: 0,9,7,5,4,3,2,5,1,1
Blackburn Rovers: Opp SOT: 5,5,5,6,4,7,1,4,2,4 | Opp Shots: 12,11,14,11,7,16,14,15,8,8 | Opp Fouls: 7,10,7,9,13,15,12,7,18,13 | Opp Tackles: 17,11,16,8,9,16,14,13,21,15 | Opp Cards: 2,1,0,1,2,4,1,0,3,2 | Opp Saves: 5,2,3,4,2,2,4,3,3,1 | Opp GKicks: 15,14,10,8,9,8,9,10,8,6 | Opp Corners: 5,5,2,6,3,3,5,9,2,5
Bristol City: Opp SOT: 1,7,4,2,3,2,6,0,9,2 | Opp Shots: 13,14,11,8,15,7,18,6,20,5 | Opp Fouls: 6,11,11,8,11,9,14,19,8,15 | Opp Tackles: 8,16,13,11,12,15,17,25,15,14 | Opp Cards: 1,2,2,1,2,4,1,2,1,3 | Opp Saves: 0,1,4,0,2,8,1,2,1,2 | Opp GKicks: 8,7,6,10,10,15,7,8,10,5 | Opp Corners: 6,3,3,1,6,2,5,4,5,4
Charlton Athletic: Opp SOT: 4,5,4,3,3,2,1,3,6,2 | Opp Shots: 15,31,12,15,18,9,13,15,13,6 | Opp Fouls: 8,7,12,6,11,11,14,18,16,9 | Opp Tackles: 11,7,16,14,19,26,12,15,19,15 | Opp Cards: 2,0,3,0,2,2,1,1,2,1 | Opp Saves: 4,5,3,0,2,4,3,2,2,6 | Opp GKicks: 7,8,10,11,6,7,9,8,13,7 | Opp Corners: 6,16,4,3,5,3,6,4,1,4
Coventry City: Opp SOT: 7,8,5,3,0,3,0,9,1,3 | Opp Shots: 13,13,15,17,9,13,5,17,4,14 | Opp Fouls: 9,8,5,15,9,9,12,8,7,13 | Opp Tackles: 11,17,8,16,12,19,6,13,17,15 | Opp Cards: 2,3,1,2,1,2,5,0,6,1 | Opp Saves: 3,0,3,3,4,1,3,3,3,4 | Opp GKicks: 9,6,13,6,6,5,10,12,15,14 | Opp Corners: 3,6,6,7,13,3,4,10,2,0
Derby County: Opp SOT: 1,3,7,6,3,5,6,4,5,3 | Opp Shots: 6,17,19,13,11,10,10,18,18,11 | Opp Fouls: 10,7,9,9,10,9,7,8,14,5 | Opp Tackles: 27,13,13,9,19,20,12,9,9,14 | Opp Cards: 2,1,4,2,0,1,2,1,2,0 | Opp Saves: 3,2,1,4,2,2,2,0,0,1 | Opp GKicks: 8,3,4,4,10,9,9,5,5,4 | Opp Corners: 2,13,4,5,2,4,4,11,6,5
Hull City: Opp SOT: 5,4,8,4,5,8,4,2,5,6 | Opp Shots: 11,18,29,13,13,21,14,9,29,14 | Opp Fouls: 9,12,7,13,9,7,10,8,7,19 | Opp Tackles: 8,19,11,14,7,13,10,14,19,19 | Opp Cards: 1,2,5,2,1,1,3,1,1,3 | Opp Saves: 4,4,5,1,3,3,1,4,7,3 | Opp GKicks: 5,6,10,2,7,10,9,6,5,6 | Opp Corners: 2,7,9,9,3,6,6,5,8,1
Ipswich Town: Opp SOT: 1,8,5,4,3,3,2,2,1,3 | Opp Shots: 10,15,15,12,13,7,10,10,2,11 | Opp Fouls: 8,11,12,15,14,11,15,14,14,20 | Opp Tackles: 26,13,8,16,24,14,15,20,22,15 | Opp Cards: 1,3,3,3,4,2,2,7,6,2 | Opp Saves: 3,6,3,6,2,3,6,4,2,1 | Opp GKicks: 18,15,9,9,8,11,7,11,12,12 | Opp Corners: 5,3,5,8,3,4,5,3,3,5
Leicester City: Opp SOT: 4,6,3,7,1,5,3,2,1,7 | Opp Shots: 9,9,8,13,9,11,11,19,11,20 | Opp Fouls: 12,8,9,10,7,13,11,10,16,18 | Opp Tackles: 28,27,13,18,18,14,18,11,21,22 | Opp Cards: 1,1,2,2,1,2,3,1,3,2 | Opp Saves: 3,2,5,4,0,1,9,3,0,1 | Opp GKicks: 10,15,13,6,15,13,5,5,5,6 | Opp Corners: 5,1,4,2,1,3,3,4,7,13
Middlesbrough: Opp SOT: 2,3,5,1,5,2,3,2,0,3 | Opp Shots: 6,11,17,8,18,14,15,7,8,14 | Opp Fouls: 17,8,14,13,5,11,7,13,13,11 | Opp Tackles: 23,14,9,14,19,25,13,28,10,23 | Opp Cards: 5,3,1,2,0,1,0,1,3,1 | Opp Saves: 3,6,4,1,4,0,2,1,5,2 | Opp GKicks: 7,11,7,13,6,6,10,11,13,4 | Opp Corners: 4,6,9,2,8,6,3,3,8,5
Millwall: Opp SOT: 3,3,3,1,5,2,4,3,3,4 | Opp Shots: 12,10,20,10,13,13,11,14,6,14 | Opp Fouls: 8,7,8,8,9,7,9,12,13,11 | Opp Tackles: 14,8,9,16,10,16,20,13,14,12 | Opp Cards: 2,1,2,2,2,1,0,4,3,5 | Opp Saves: 3,5,3,1,3,2,1,2,3,5 | Opp GKicks: 9,7,9,6,13,6,8,5,20,11 | Opp Corners: 9,2,8,5,3,6,4,3,2,8
Norwich City: Opp SOT: 3,3,6,9,1,6,8,4,3,4 | Opp Shots: 9,8,21,19,5,23,11,28,12,11 | Opp Fouls: 13,13,14,9,9,11,9,12,9,14 | Opp Tackles: 11,6,21,11,15,17,23,9,18,22 | Opp Cards: 3,2,3,1,4,0,3,2,3,3 | Opp Saves: 2,3,4,3,4,2,3,0,2,2 | Opp GKicks: 7,6,8,6,10,2,9,3,10,8 | Opp Corners: 2,5,9,8,3,12,3,11,3,3
Oxford United: Opp SOT: 5,6,1,10,1,2,2,5,6,1 | Opp Shots: 17,11,6,27,13,6,12,8,15,16 | Opp Fouls: 11,12,12,6,12,13,15,11,10,11 | Opp Tackles: 15,10,16,16,22,19,12,16,6,26 | Opp Cards: 0,4,1,3,3,1,4,3,2,0 | Opp Saves: 2,2,6,5,0,3,3,1,1,1 | Opp GKicks: 9,10,10,11,9,10,6,10,13,5 | Opp Corners: 8,6,12,9,9,5,8,4,5,4
Portsmouth: Opp SOT: 2,7,6,1,6,5,8,1,2,3 | Opp Shots: 11,19,19,12,12,14,13,9,13,13 | Opp Fouls: 15,12,15,6,15,15,10,16,7,10 | Opp Tackles: 5,12,12,16,15,14,22,6,15,6 | Opp Cards: 3,1,1,1,5,1,4,4,2,2 | Opp Saves: 3,4,2,0,3,2,4,1,1,3 | Opp GKicks: 13,10,5,5,12,2,13,6,10,7 | Opp Corners: 2,5,14,8,3,5,5,7,4,2
Preston North End: Opp SOT: 3,2,6,0,5,7,2,3,2,2 | Opp Shots: 11,9,16,8,10,19,7,14,10,15 | Opp Fouls: 11,14,10,9,11,10,10,7,11,5 | Opp Tackles: 17,16,12,24,11,9,15,21,17,15 | Opp Cards: 1,5,2,2,0,1,2,3,1,2 | Opp Saves: 1,5,4,1,3,2,5,0,2,0 | Opp GKicks: 11,15,14,19,8,8,4,5,12,7 | Opp Corners: 4,3,8,4,5,8,3,4,6,6
Queens Park Rangers: Opp SOT: 4,2,5,1,0,5,1,8,3,8 | Opp Shots: 12,11,5,11,9,14,7,21,13,19 | Opp Fouls: 13,8,11,9,11,12,13,5,7,15 | Opp Tackles: 15,20,24,10,25,13,15,20,8,9 | Opp Cards: 2,2,4,5,1,2,3,1,2,1 | Opp Saves: 1,3,2,0,1,3,6,4,3,0 | Opp GKicks: 7,8,12,3,8,8,8,9,9,5 | Opp Corners: 5,6,3,4,1,5,6,12,2,9
Sheffield United: Opp SOT: 3,3,1,2,5,3,4,11,6,6 | Opp Shots: 15,12,13,5,12,14,13,21,15,17 | Opp Fouls: 14,6,8,13,19,10,18,11,5,16 | Opp Tackles: 19,19,12,14,14,24,13,15,20,12 | Opp Cards: 4,1,1,2,4,1,3,0,0,2 | Opp Saves: 1,3,4,2,2,1,1,2,0,2 | Opp GKicks: 8,5,9,9,8,5,7,10,9,12 | Opp Corners: 2,5,3,4,5,3,1,3,5,7
Sheffield Wednesday: Opp SOT: 4,7,5,10,5,5,5,4,8,4 | Opp Shots: 11,19,12,21,20,14,25,9,17,11 | Opp Fouls: 11,4,9,3,15,19,5,9,10,7 | Opp Tackles: 22,15,17,20,7,12,5,17,11,21 | Opp Cards: 0,1,1,1,3,2,1,0,2,0 | Opp Saves: 4,4,3,0,1,4,6,0,1,5 | Opp GKicks: 7,8,9,5,4,9,8,6,6,8 | Opp Corners: 3,5,2,8,10,4,11,1,7,3
Southampton: Opp SOT: 6,4,1,5,3,1,4,1,4,4 | Opp Shots: 18,13,6,9,8,7,11,10,10,12 | Opp Fouls: 13,10,13,11,14,17,15,14,14,12 | Opp Tackles: 19,17,15,17,14,19,16,14,11,9 | Opp Cards: 2,1,4,4,3,6,5,2,2,6 | Opp Saves: 4,6,8,5,3,1,3,1,5,1 | Opp GKicks: 6,8,13,8,3,5,10,5,8,15 | Opp Corners: 6,2,3,3,4,3,1,5,4,3
Stoke City: Opp SOT: 3,7,3,5,4,3,7,0,3,2 | Opp Shots: 14,15,5,17,12,6,14,7,12,18 | Opp Fouls: 8,13,4,5,8,9,8,11,11,6 | Opp Tackles: 9,12,16,12,17,30,17,14,21,13 | Opp Cards: 2,2,0,2,2,3,5,1,2,1 | Opp Saves: 2,3,2,5,5,4,0,2,3,2 | Opp GKicks: 14,13,8,9,7,12,15,7,7,9 | Opp Corners: 6,3,4,7,5,1,3,3,5,7
Swansea City: Opp SOT: 3,4,8,7,3,4,7,6,1,4 | Opp Shots: 7,15,21,17,14,11,23,15,9,9 | Opp Fouls: 12,9,12,11,15,20,13,5,14,17 | Opp Tackles: 15,10,17,18,12,22,8,17,9,15 | Opp Cards: 1,4,0,1,3,2,5,1,0,5 | Opp Saves: 1,2,1,6,2,1,2,0,6,1 | Opp GKicks: 4,6,6,8,4,9,7,9,10,10 | Opp Corners: 3,3,5,5,7,4,7,2,2,2
Watford: Opp SOT: 3,4,6,5,5,4,2,5,7,2 | Opp Shots: 12,9,18,15,15,11,9,14,12,11 | Opp Fouls: 10,8,5,9,9,16,11,14,12,11 | Opp Tackles: 19,18,18,16,12,16,23,33,15,21 | Opp Cards: 3,2,0,4,2,5,1,2,5,3 | Opp Saves: 6,3,1,9,4,5,4,1,2,3 | Opp GKicks: 4,14,11,14,6,9,7,13,8,6 | Opp Corners: 5,4,7,3,3,6,7,7,5,7
West Bromwich Albion: Opp SOT: 4,5,5,4,5,1,4,1,3,4 | Opp Shots: 15,18,17,11,16,13,9,4,13,8 | Opp Fouls: 12,12,0,17,8,16,3,10,7,16 | Opp Tackles: 12,18,13,21,18,8,15,13,15,18 | Opp Cards: 1,0,1,1,1,5,0,2,2,5 | Opp Saves: 1,4,4,1,0,4,2,4,2,2 | Opp GKicks: 5,9,7,11,3,8,11,12,11,5 | Opp Corners: 4,4,4,4,4,3,2,0,5,3
Wrexham: Opp SOT: 5,4,2,3,3,1,3,5,6,2 | Opp Shots: 18,14,6,12,8,16,5,14,15,21 | Opp Fouls: 10,8,12,8,8,9,16,6,10,10 | Opp Tackles: 19,21,22,19,16,10,13,15,10,13 | Opp Cards: 1,0,1,2,2,3,5,1,0,1 | Opp Saves: 3,1,5,3,3,0,4,5,6,1 | Opp GKicks: 8,1,3,5,4,8,8,6,8,4 | Opp Corners: 6,4,3,6,5,7,3,2,9,5

===== League 82 =====
Bayer 04 Leverkusen: Opp SOT: 3,4,3,6,7,2,5,5 | Opp Shots: 10,12,10,13,13,13,12,10 | Opp Fouls: 8,19,13,13,15,9,11,17 | Opp Tackles: 22,10,15,13,24,13,17,15 | Opp Cards: 3,4,3,3,5,3,5,4 | Opp Saves: 2,3,1,2,7,4,1,2 | Opp GKicks: 12,7,11,2,4,13,3,6 | Opp Corners: 3,2,4,13,4,8,3,4
Borussia Dortmund: Opp SOT: 1,0,7,3,2,0,1,3,7 | Opp Shots: 9,5,15,13,8,9,6,12,11 | Opp Fouls: 14,8,12,14,12,9,5,7,13 | Opp Tackles: 16,20,11,29,17,20,11,12,20 | Opp Cards: 4,2,1,3,3,0,3,0,2 | Opp Saves: 0,8,0,2,2,3,6,3,4 | Opp GKicks: 8,17,5,9,8,11,11,8,4 | Opp Corners: 4,2,4,7,7,3,5,6,5
Borussia Mönchengladbach: Opp SOT: 11,5,1,7,9,7,5,2 | Opp Shots: 27,16,12,21,13,12,13,7 | Opp Fouls: 9,21,7,8,12,9,5,10 | Opp Tackles: 7,14,17,14,14,25,14,13 | Opp Cards: 3,5,1,2,5,0,2,1 | Opp Saves: 0,1,5,4,6,2,6,4 | Opp GKicks: 1,5,5,5,6,13,7,10 | Opp Corners: 8,6,1,6,3,4,6,6
Eintracht Frankfurt: Opp SOT: 1,5,3,8,5,8,5,5 | Opp Shots: 9,12,12,11,11,18,17,10 | Opp Fouls: 6,6,11,14,11,10,14,9 | Opp Tackles: 17,16,10,14,17,25,16,16 | Opp Cards: 1,2,2,1,2,7,2,3 | Opp Saves: 4,1,1,1,7,1,3,1 | Opp GKicks: 4,2,7,7,15,16,6,13 | Opp Corners: 3,3,3,4,1,4,4,1
FC Augsburg: Opp SOT: 1,8,2,4,5,4,7,10,4 | Opp Shots: 5,15,9,14,11,12,13,20,16 | Opp Fouls: 16,10,9,7,16,10,10,11,14 | Opp Tackles: 21,17,17,24,21,12,21,14,13 | Opp Cards: 1,1,2,1,1,3,1,4,4 | Opp Saves: 1,2,3,2,1,4,4,1,2 | Opp GKicks: 5,13,4,7,6,7,8,5,3 | Opp Corners: 3,3,5,5,3,6,3,5,5
FC Bayern München: Opp SOT: 0,1,1,3,4,2,3,1 | Opp Shots: 1,8,6,9,13,9,10,12 | Opp Fouls: 6,17,11,4,17,14,14,13 | Opp Tackles: 19,18,21,16,26,10,21,18 | Opp Cards: 1,3,1,0,1,2,3,1 | Opp Saves: 7,6,0,8,6,7,7,3 | Opp GKicks: 11,9,6,12,5,6,7,7 | Opp Corners: 1,3,4,6,5,3,7,5
FC Köln: Opp SOT: 9,4,4,5,8,6,2,2 | Opp Shots: 27,10,15,15,18,14,12,19 | Opp Fouls: 10,17,15,12,10,15,9,7 | Opp Tackles: 14,15,16,14,12,13,8,10 | Opp Cards: 2,2,3,2,1,2,1,1 | Opp Saves: 1,1,3,5,0,5,2,1 | Opp GKicks: 4,10,8,4,5,9,7,9 | Opp Corners: 17,2,11,8,9,7,5,8
FC Union Berlin: Opp SOT: 3,2,3,6,10,8,6,6 | Opp Shots: 16,8,20,16,19,9,11,21 | Opp Fouls: 6,15,11,17,10,12,14,13 | Opp Tackles: 16,21,13,14,12,21,10,13 | Opp Cards: 4,3,1,3,3,1,0,4 | Opp Saves: 2,2,3,2,1,5,3,0 | Opp GKicks: 10,10,7,8,7,7,8,5 | Opp Corners: 5,6,4,3,5,2,4,11
FSV Mainz 05: Opp SOT: 8,8,9,4,5,3,3,2 | Opp Shots: 19,20,15,10,18,19,11,12 | Opp Fouls: 11,11,14,14,13,11,15,9 | Opp Tackles: 15,16,20,8,15,16,13,10 | Opp Cards: 4,4,2,1,1,0,4,2 | Opp Saves: 1,1,4,2,0,2,2,2 | Opp GKicks: 7,9,5,6,6,13,9,13 | Opp Corners: 7,3,1,5,6,5,3,3
Hamburger SV: Opp SOT: 2,4,4,2,8,12,6,4 | Opp Shots: 6,10,11,11,20,22,17,17 | Opp Fouls: 18,13,13,18,10,11,19,10 | Opp Tackles: 14,12,10,12,14,8,26,15 | Opp Cards: 5,3,3,2,1,2,3,2 | Opp Saves: 7,2,5,6,7,2,2,1 | Opp GKicks: 19,11,6,6,8,7,5,6 | Opp Corners: 1,3,4,5,12,5,5,7
Heidenheim: Opp SOT: 7,4,6,2,9,8,5,5 | Opp Shots: 14,11,18,8,22,17,19,15 | Opp Fouls: 14,11,11,20,15,9,7,12 | Opp Tackles: 7,13,15,12,9,9,11,11 | Opp Cards: 1,3,1,6,5,3,2,3 | Opp Saves: 2,9,1,3,6,1,4,1 | Opp GKicks: 6,8,6,10,9,4,5,7 | Opp Corners: 7,2,1,2,1,4,4,5
RB Leipzig: Opp SOT: 2,3,3,4,2,2,3,10 | Opp Shots: 15,15,15,22,13,13,5,19 | Opp Fouls: 9,12,13,7,8,12,13,13 | Opp Tackles: 20,18,15,17,12,14,16,13 | Opp Cards: 3,1,1,2,1,1,5,4 | Opp Saves: 2,2,2,5,5,2,4,1 | Opp GKicks: 3,7,6,9,7,8,17,5 | Opp Corners: 2,5,7,6,5,3,3,5
SC Freiburg: Opp SOT: 4,3,5,4,5,2,6,5 | Opp Shots: 19,8,9,15,12,7,18,14 | Opp Fouls: 9,15,15,15,13,13,12,18 | Opp Tackles: 11,25,21,11,14,10,9,15 | Opp Cards: 1,3,3,1,5,1,2,5 | Opp Saves: 3,3,1,0,3,3,1,3 | Opp GKicks: 3,8,12,7,7,10,9,10 | Opp Corners: 2,1,4,8,2,1,3,5
St. Pauli: Opp SOT: 6,5,5,4,8,5,2,7 | Opp Shots: 10,14,15,5,17,10,5,8 | Opp Fouls: 11,17,8,11,13,12,13,12 | Opp Tackles: 16,14,22,14,14,17,14,10 | Opp Cards: 0,3,3,5,0,4,4,4 | Opp Saves: 1,2,3,4,3,5,4,4 | Opp GKicks: 8,6,12,9,3,5,9,5 | Opp Corners: 1,7,4,1,8,1,2,2
TSG Hoffenheim: Opp SOT: 3,2,4,1,10,7,6,2 | Opp Shots: 12,10,10,6,18,20,9,7 | Opp Fouls: 13,10,6,9,9,13,10,9 | Opp Tackles: 17,20,13,13,17,15,15,7 | Opp Cards: 1,1,1,2,2,1,3,0 | Opp Saves: 4,3,4,3,3,4,4,3 | Opp GKicks: 4,8,14,5,5,1,13,5 | Opp Corners: 5,9,6,6,5,9,5,6
VfB Stuttgart: Opp SOT: 2,3,1,7,2,6,6,2 | Opp Shots: 13,11,5,15,9,14,15,8 | Opp Fouls: 12,12,12,12,15,8,13,21 | Opp Tackles: 10,13,9,9,15,12,20,16 | Opp Cards: 3,1,1,2,2,1,1,4 | Opp Saves: 6,4,5,3,6,1,4,5 | Opp GKicks: 8,10,16,11,5,5,7,9 | Opp Corners: 5,3,1,8,4,7,10,5
VfL Wolfsburg: Opp SOT: 6,7,5,6,4,8,3,2 | Opp Shots: 27,15,10,20,12,14,17,7 | Opp Fouls: 8,8,9,9,10,11,14,12 | Opp Tackles: 13,16,10,16,9,12,13,12 | Opp Cards: 1,1,2,2,1,3,5,2 | Opp Saves: 1,3,3,4,0,3,2,2 | Opp GKicks: 6,7,13,14,6,10,6,11 | Opp Corners: 11,8,10,11,9,4,10,2
Werder Bremen: Opp SOT: 2,11,3,13,5,3,4,5 | Opp Shots: 12,31,13,26,10,19,10,18 | Opp Fouls: 13,9,9,9,7,12,10,9 | Opp Tackles: 18,12,16,13,17,20,12,21 | Opp Cards: 0,1,1,2,2,1,3,1 | Opp Saves: 2,2,4,3,5,3,2,4 | Opp GKicks: 11,6,3,7,10,7,9,7 | Opp Corners: 6,12,0,7,0,9,7,7

===== League 301 =====
Angers SCO: Opp SOT: 6,4,4,12,3,5,5,7,4,7 | Opp Shots: 11,23,11,18,7,16,9,15,21,17 | Opp Fouls: 11,6,14,12,13,16,10,11,3,10 | Opp Tackles: 16,17,18,21,18,12,25,17,19,12 | Opp Cards: 2,0,2,2,1,2,0,2,0,1 | Opp Saves: 4,2,2,1,2,2,4,6,0,1 | Opp GKicks: 5,5,4,5,14,9,7,4,3,8 | Opp Corners: 1,6,3,2,4,7,4,7,12,7
Auxerre: Opp SOT: 9,4,7,4,8,3,3,3,6,3 | Opp Shots: 18,9,19,7,15,13,13,4,16,14 | Opp Fouls: 11,12,9,21,17,20,19,13,10,14 | Opp Tackles: 19,18,23,16,21,25,17,14,12,16 | Opp Cards: 1,2,1,8,1,6,6,1,2,2 | Opp Saves: 1,3,2,1,2,0,2,4,7,2 | Opp GKicks: 6,9,4,9,4,7,6,6,3,4 | Opp Corners: 4,5,6,2,5,4,8,3,5,4
Brest: Opp SOT: 3,8,7,0,2,4,4,10,3,6 | Opp Shots: 13,18,12,6,11,21,7,30,6,10 | Opp Fouls: 12,10,10,12,13,11,10,7,14,13 | Opp Tackles: 14,6,11,13,8,14,21,15,18,15 | Opp Cards: 1,1,3,1,1,3,4,1,0,1 | Opp Saves: 2,2,2,5,1,1,6,1,2,2 | Opp GKicks: 7,3,4,7,8,4,17,5,9,10 | Opp Corners: 5,7,5,3,11,7,1,15,3,2
Le Havre: Opp SOT: 2,3,11,3,0,4,7,3,3,3 | Opp Shots: 8,14,18,9,7,8,9,7,6,13 | Opp Fouls: 11,21,17,9,16,15,8,16,16,5 | Opp Tackles: 15,8,9,16,18,16,17,11,19,11 | Opp Cards: 3,2,2,2,2,6,3,4,1,0 | Opp Saves: 2,3,1,0,2,0,1,5,5,3 | Opp GKicks: 5,6,1,11,7,10,11,6,12,6 | Opp Corners: 1,13,2,4,4,2,4,5,0,5
Lens: Opp SOT: 7,3,3,2,2,3,6,2,6,3 | Opp Shots: 16,17,9,18,14,17,14,9,18,11 | Opp Fouls: 15,9,6,10,16,11,10,12,17,20 | Opp Tackles: 18,16,13,20,17,15,14,15,14,17 | Opp Cards: 4,3,2,3,3,3,1,4,3,3 | Opp Saves: 2,4,1,2,2,3,3,7,1,4 | Opp GKicks: 8,6,10,1,7,10,7,10,7,13 | Opp Corners: 2,8,3,2,8,10,4,1,7,8
Lorient: Opp SOT: 8,4,4,2,2,2,8,11,1,3 | Opp Shots: 15,7,8,10,5,13,15,20,4,7 | Opp Fouls: 13,14,15,19,11,20,18,18,7,18 | Opp Tackles: 10,16,21,17,15,15,14,14,11,27 | Opp Cards: 2,1,2,0,4,3,3,3,2,3 | Opp Saves: 1,4,4,3,5,3,1,1,3,3 | Opp GKicks: 5,12,2,6,6,8,1,3,13,7 | Opp Corners: 8,1,2,1,4,6,10,8,2,4
LOSC Lille: Opp SOT: 4,4,3,5,2,6,4,2,1,5 | Opp Shots: 8,10,8,17,5,15,9,6,6,18 | Opp Fouls: 11,12,10,12,24,17,10,14,14,11 | Opp Tackles: 12,9,17,9,11,19,15,11,14,24 | Opp Cards: 3,2,1,1,4,1,5,3,2,2 | Opp Saves: 4,6,3,2,3,3,3,5,0,3 | Opp GKicks: 11,11,10,4,9,7,5,8,13,4 | Opp Corners: 2,8,5,5,4,4,6,3,3,2
Metz: Opp SOT: 2,12,7,9,2,6,4,9,8,4 | Opp Shots: 10,23,16,21,10,16,10,24,13,9 | Opp Fouls: 15,18,14,7,16,15,7,4,13,13 | Opp Tackles: 14,20,13,13,12,24,24,7,18,23 | Opp Cards: 2,3,2,0,2,1,1,1,0,2 | Opp Saves: 4,3,2,1,0,1,4,0,2,0 | Opp GKicks: 8,9,2,6,8,5,2,7,4,3 | Opp Corners: 5,7,5,4,6,4,3,14,4,3
Monaco: Opp SOT: 5,2,3,2,8,3,2,4,1,4 | Opp Shots: 18,10,16,9,19,8,9,12,18,9 | Opp Fouls: 13,18,15,9,10,6,12,12,7,14 | Opp Tackles: 16,14,18,14,16,23,25,20,15,16 | Opp Cards: 3,4,2,4,2,0,4,2,1,1 | Opp Saves: 4,4,3,4,1,2,1,1,2,1 | Opp GKicks: 10,4,10,14,8,14,6,5,5,9 | Opp Corners: 1,5,10,7,2,5,5,5,8,4
Nantes: Opp SOT: 9,3,5,5,7,4,8,4,4,4 | Opp Shots: 19,14,23,17,20,8,19,14,15,18 | Opp Fouls: 17,10,9,11,18,18,16,11,11,6 | Opp Tackles: 23,18,14,24,15,10,16,9,19,14 | Opp Cards: 7,3,4,2,2,1,2,3,2,1 | Opp Saves: 2,1,2,0,0,2,3,2,2,0 | Opp GKicks: 6,4,9,9,5,10,9,2,3,8 | Opp Corners: 3,8,9,12,1,4,7,9,7,7
Nice: Opp SOT: 4,7,7,6,3,5,3,8,8,2 | Opp Shots: 21,19,29,20,13,11,14,12,12,10 | Opp Fouls: 10,13,11,10,14,17,14,13,15,13 | Opp Tackles: 18,13,20,12,16,20,12,12,19,18 | Opp Cards: 3,5,2,1,1,1,0,1,3,3 | Opp Saves: 2,1,1,0,4,3,7,2,4,2 | Opp GKicks: 5,5,2,6,6,17,9,10,7,11 | Opp Corners: 13,7,16,6,5,2,4,0,4,4
Olympique Lyonnais: Opp SOT: 3,2,4,3,3,2,5,2,2,5 | Opp Shots: 11,7,5,14,14,10,23,5,11,18 | Opp Fouls: 18,19,10,17,20,10,18,11,15,13 | Opp Tackles: 18,8,15,12,7,13,16,7,15,12 | Opp Cards: 7,5,1,3,4,2,2,3,2,2 | Opp Saves: 1,2,5,2,1,4,4,4,5,2 | Opp GKicks: 3,7,8,10,6,9,4,8,6,5 | Opp Corners: 4,2,1,5,3,4,5,4,3,12
Olympique Marseille: Opp SOT: 6,5,3,1,1,5,1,6,4,5 | Opp Shots: 12,8,8,4,9,12,4,18,8,12 | Opp Fouls: 7,12,12,8,13,7,5,16,12,8 | Opp Tackles: 16,19,10,10,13,17,12,5,10,9 | Opp Cards: 1,3,2,0,2,1,3,2,0,3 | Opp Saves: 4,2,5,6,7,1,4,2,2,2 | Opp GKicks: 10,5,8,11,7,2,7,1,4,12 | Opp Corners: 5,4,1,4,5,3,0,9,2,1
Paris: Opp SOT: 4,3,3,3,5,4,8,2,7,2 | Opp Shots: 7,11,11,8,11,8,23,14,11,8 | Opp Fouls: 16,13,11,10,14,10,11,8,9,14 | Opp Tackles: 20,12,24,13,15,14,15,16,12,20 | Opp Cards: 3,2,2,3,1,5,0,2,1,3 | Opp Saves: 0,2,2,0,2,4,2,6,2,7 | Opp GKicks: 5,8,2,7,5,12,3,11,10,14 | Opp Corners: 2,2,11,5,5,2,6,6,5,3
Paris Saint Germain: Opp SOT: 2,2,7,3,3,1,3,6,0,0 | Opp Shots: 5,8,12,9,12,9,11,14,3,5 | Opp Fouls: 5,10,11,11,10,16,8,7,9,6 | Opp Tackles: 19,26,20,19,25,19,25,17,34,23 | Opp Cards: 0,1,1,1,2,3,2,1,0,1 | Opp Saves: 7,5,6,4,6,5,4,2,3,3 | Opp GKicks: 8,9,7,10,8,6,10,6,13,19 | Opp Corners: 0,2,1,3,5,5,3,5,0,2
Rennes: Opp SOT: 4,3,4,2,2,4,5,7,7,2 | Opp Shots: 15,8,7,10,13,16,8,10,22,24 | Opp Fouls: 9,22,15,13,9,14,13,9,18,11 | Opp Tackles: 14,14,20,13,29,13,18,15,7,15 | Opp Cards: 2,2,3,1,4,3,3,2,6,3 | Opp Saves: 3,6,5,1,2,2,2,6,1,4 | Opp GKicks: 4,7,14,4,11,8,12,6,3,5 | Opp Corners: 5,3,2,3,4,4,4,1,3,12
Strasbourg: Opp SOT: 1,3,9,1,9,6,1,4,2,0 | Opp Shots: 6,8,21,5,16,18,10,12,9,2 | Opp Fouls: 16,15,9,11,15,11,16,13,9,16 | Opp Tackles: 15,15,21,20,14,19,25,23,21,25 | Opp Cards: 1,0,2,2,4,1,2,2,2,2 | Opp Saves: 6,1,4,7,0,0,5,2,3,2 | Opp GKicks: 8,6,4,6,6,6,5,8,7,5 | Opp Corners: 3,4,4,5,4,4,3,6,6,3
Toulouse: Opp SOT: 5,5,2,3,2,1,5,8,2,2 | Opp Shots: 11,14,2,13,12,6,20,13,16,13 | Opp Fouls: 12,15,11,13,12,12,12,11,10,12 | Opp Tackles: 15,23,19,11,17,26,18,14,25,17 | Opp Cards: 3,3,2,1,3,2,2,0,1,2 | Opp Saves: 2,2,3,2,5,3,3,3,1,1 | Opp GKicks: 11,12,6,6,9,8,4,5,2,8 | Opp Corners: 8,2,1,8,4,3,7,7,9,9

===== League 384 =====
Atalanta: Opp SOT: 1,5,1,4,10,5,3,3,2 | Opp Shots: 6,9,4,12,24,11,12,7,11 | Opp Fouls: 8,6,5,19,6,11,7,8,10 | Opp Tackles: 15,21,26,18,13,14,13,10,17 | Opp Cards: 3,3,0,3,0,0,0,2,0 | Opp Saves: 2,5,6,2,1,2,4,2,5 | Opp GKicks: 8,12,8,5,8,3,12,5,13 | Opp Corners: 4,2,1,3,14,1,2,1,4
Bologna: Opp SOT: 2,7,3,0,4,4,3,2,4 | Opp Shots: 8,19,4,2,12,7,14,13,14 | Opp Fouls: 20,13,15,12,13,15,17,19,15 | Opp Tackles: 18,10,12,19,21,20,14,16,13 | Opp Cards: 3,3,1,2,4,5,3,3,1 | Opp Saves: 2,1,5,3,3,4,0,1,2 | Opp GKicks: 14,3,6,13,8,6,3,5,7 | Opp Corners: 3,5,2,2,3,2,7,4,2
Cagliari: Opp SOT: 4,6,7,4,5,5,5,6,1 | Opp Shots: 12,10,10,23,20,11,17,20,4 | Opp Fouls: 21,16,19,14,14,10,18,16,14 | Opp Tackles: 6,20,16,14,11,17,20,4,18 | Opp Cards: 4,3,3,1,2,2,1,2,2 | Opp Saves: 0,1,3,2,0,4,3,1,4 | Opp GKicks: 6,7,4,4,7,5,4,9,12 | Opp Corners: 7,3,7,7,4,4,5,13,2
Como: Opp SOT: 9,3,3,4,2,1,6,2,1 | Opp Shots: 13,10,15,16,9,8,12,15,5 | Opp Fouls: 21,7,15,10,17,16,17,13,12 | Opp Tackles: 21,16,10,19,17,22,30,16,24 | Opp Cards: 4,0,1,1,4,4,2,4,3 | Opp Saves: 2,2,4,3,5,5,3,2,4 | Opp GKicks: 9,7,6,5,14,11,5,5,11 | Opp Corners: 3,3,1,8,3,2,8,7,0
Cremonese: Opp SOT: 1,6,1,9,6,3,9,6,6 | Opp Shots: 16,20,8,27,14,15,20,9,24 | Opp Fouls: 16,8,14,9,16,8,18,17,10 | Opp Tackles: 18,10,22,12,15,16,11,11,8 | Opp Cards: 3,1,2,1,4,0,2,2,1 | Opp Saves: 2,4,2,1,1,1,3,3,1 | Opp GKicks: 6,8,12,5,8,3,5,3,2 | Opp Corners: 7,10,4,13,4,3,10,4,9
Fiorentina: Opp SOT: 8,3,4,3,1,7,9,4,6 | Opp Shots: 22,6,14,8,11,19,14,7,14 | Opp Fouls: 11,20,15,21,15,19,14,21,18 | Opp Tackles: 20,12,21,17,29,18,14,7,12 | Opp Cards: 1,6,3,3,0,3,0,2,4 | Opp Saves: 2,4,1,2,2,0,2,3,0 | Opp GKicks: 4,10,5,12,8,10,11,14,7 | Opp Corners: 8,6,1,4,4,6,5,7,3
Genoa: Opp SOT: 4,6,0,5,6,6,4,3,0 | Opp Shots: 11,13,1,12,9,14,13,13,7 | Opp Fouls: 13,14,12,16,16,12,13,15,13 | Opp Tackles: 22,16,15,13,16,13,15,26,15 | Opp Cards: 1,2,6,1,1,1,3,2,3 | Opp Saves: 1,2,7,0,5,3,4,1,2 | Opp GKicks: 12,11,17,10,9,2,2,8,6 | Opp Corners: 3,9,0,7,0,8,0,4,7
Hellas Verona: Opp SOT: 5,3,0,3,5,4,2,6,4 | Opp Shots: 15,7,7,11,10,10,6,22,14 | Opp Fouls: 11,12,8,12,11,10,3,8,10 | Opp Tackles: 14,12,11,15,16,16,8,9,13 | Opp Cards: 1,4,4,3,0,3,1,0,3 | Opp Saves: 7,4,3,9,3,3,9,4,2 | Opp GKicks: 3,7,7,11,9,7,7,3,4 | Opp Corners: 1,2,3,2,8,3,1,8,5
Inter: Opp SOT: 2,3,5,2,0,5,4,5,4 | Opp Shots: 10,7,15,3,6,9,12,10,12 | Opp Fouls: 16,15,18,8,13,8,14,5,6 | Opp Tackles: 14,12,8,10,12,19,17,8,10 | Opp Cards: 3,2,4,1,0,1,2,3,0 | Opp Saves: 5,2,2,5,3,5,1,2,4 | Opp GKicks: 8,13,10,16,14,9,8,11,7 | Opp Corners: 5,1,4,1,4,3,5,2,5
Juventus: Opp SOT: 2,3,6,4,2,4,4,1,2 | Opp Shots: 8,13,12,13,12,14,18,10,8 | Opp Fouls: 13,11,17,8,7,18,10,14,13 | Opp Tackles: 14,9,23,7,12,23,9,21,12 | Opp Cards: 4,2,3,2,4,3,2,1,2 | Opp Saves: 9,5,4,3,9,3,0,2,6 | Opp GKicks: 10,11,11,11,8,7,3,7,15 | Opp Corners: 4,2,4,0,5,5,9,3,6
Lazio: Opp SOT: 2,5,6,8,5,6,3,4,6 | Opp Shots: 10,14,16,16,17,13,10,12,19 | Opp Fouls: 16,18,10,22,18,22,15,19,15 | Opp Tackles: 17,12,14,12,12,17,20,20,25 | Opp Cards: 2,4,4,3,5,1,6,0,2 | Opp Saves: 6,2,1,1,2,2,3,2,1 | Opp GKicks: 8,5,4,5,3,10,6,8,6 | Opp Corners: 3,5,7,5,6,6,3,1,6
Lecce: Opp SOT: 3,4,2,2,5,6,8,6,2 | Opp Shots: 14,8,9,10,14,15,19,14,5 | Opp Fouls: 14,12,14,16,13,19,12,8,16 | Opp Tackles: 23,30,11,14,14,20,14,18,23 | Opp Cards: 1,2,2,1,2,3,0,0,2 | Opp Saves: 2,1,2,2,2,4,2,2,0 | Opp GKicks: 3,9,17,9,6,10,5,4,8 | Opp Corners: 5,4,4,4,9,7,8,5,3
Milan: Opp SOT: 3,2,1,3,7,4,0,2,3 | Opp Shots: 17,8,5,12,19,10,5,7,4 | Opp Fouls: 9,21,10,15,7,9,16,10,14 | Opp Tackles: 10,20,7,5,12,13,13,16,17 | Opp Cards: 1,3,3,2,0,2,2,1,4 | Opp Saves: 0,5,2,4,1,4,2,4,4 | Opp GKicks: 4,9,7,11,5,7,6,9,13 | Opp Corners: 9,2,3,6,7,1,4,4,2
Napoli: Opp SOT: 2,3,2,1,3,6,3,1,2 | Opp Shots: 7,15,12,6,6,15,19,10,7 | Opp Fouls: 10,10,9,15,7,18,14,12,17 | Opp Tackles: 29,9,13,15,11,19,13,16,16 | Opp Cards: 2,1,1,3,2,2,1,1,4 | Opp Saves: 2,0,5,3,6,3,5,5,2 | Opp GKicks: 9,3,12,7,11,4,6,11,5 | Opp Corners: 3,4,3,5,1,3,8,0,1
Parma: Opp SOT: 6,2,7,3,4,1,5,3,8 | Opp Shots: 18,6,23,7,15,3,12,11,25 | Opp Fouls: 8,14,15,16,12,16,15,15,9 | Opp Tackles: 11,19,11,15,16,10,14,23,15 | Opp Cards: 0,1,2,2,3,1,3,2,2 | Opp Saves: 4,3,0,2,1,3,6,2,1 | Opp GKicks: 3,3,6,13,6,10,10,6,4 | Opp Corners: 9,3,3,9,3,3,4,2,6
Pisa: Opp SOT: 6,7,3,7,2,6,3,5,6 | Opp Shots: 11,20,15,24,14,18,13,10,21 | Opp Fouls: 12,8,14,16,15,10,15,10,9 | Opp Tackles: 9,14,22,17,26,16,13,16,12 | Opp Cards: 2,1,2,0,1,1,2,1,2 | Opp Saves: 2,0,0,0,1,4,2,3,2 | Opp GKicks: 9,5,10,5,10,5,13,6,9 | Opp Corners: 1,6,8,2,6,5,6,7,10
Roma: Opp SOT: 5,1,3,3,3,2,4,3,2 | Opp Shots: 8,11,12,11,12,10,8,7,10 | Opp Fouls: 9,18,29,19,19,14,17,14,13 | Opp Tackles: 17,19,23,12,18,14,23,22,14 | Opp Cards: 4,3,3,2,4,2,3,2,1 | Opp Saves: 4,7,5,2,3,5,5,4,3 | Opp GKicks: 9,9,9,5,6,5,11,9,7 | Opp Corners: 2,6,5,3,1,3,4,1,4
Sassuolo: Opp SOT: 1,8,2,9,5,6,3,6,4 | Opp Shots: 8,15,11,17,12,20,13,11,13 | Opp Fouls: 20,16,16,14,22,15,11,12,17 | Opp Tackles: 18,14,13,17,12,18,12,19,14 | Opp Cards: 4,2,2,2,3,2,3,2,1 | Opp Saves: 2,1,2,2,2,4,2,4,2 | Opp GKicks: 5,10,3,5,7,3,3,6,7 | Opp Corners: 3,6,6,4,5,7,7,5,2
Torino: Opp SOT: 2,3,5,4,2,5,5,4,9 | Opp Shots: 11,11,22,9,13,9,22,16,20 | Opp Fouls: 11,9,9,13,10,9,11,13,14 | Opp Tackles: 18,14,9,19,15,16,12,11,14 | Opp Cards: 2,2,2,3,3,0,2,2,0 | Opp Saves: 2,5,1,5,3,5,3,4,4 | Opp GKicks: 6,6,11,9,6,10,3,4,5 | Opp Corners: 3,1,11,3,4,0,7,3,6
Udinese: Opp SOT: 11,3,4,2,5,6,2,4,3 | Opp Shots: 25,13,11,8,11,13,12,16,9 | Opp Fouls: 12,12,15,16,5,7,13,17,14 | Opp Tackles: 14,26,16,20,13,17,14,12,22 | Opp Cards: 1,2,4,2,0,0,1,1,2 | Opp Saves: 1,1,0,3,4,4,2,3,4 | Opp GKicks: 5,7,10,21,8,5,4,8,9 | Opp Corners: 8,9,5,2,1,4,8,13,1

===== League 387 =====
Avellino: Opp SOT: 4,7,7,3,11,3,2,6,2,5 | Opp Shots: 15,28,23,11,19,11,10,20,9,22 | Opp Fouls: 21,15,19,17,13,14,18,19,16,14 | Opp Tackles: 15,13,19,14,21,16,10,13,6,10 | Opp Cards: 3,1,1,2,3,2,2,1,0,2 | Opp Saves: 1,4,3,2,5,3,3,0,1,0 | Opp GKicks: 3,13,3,6,7,5,5,2,4,5 | Opp Corners: 4,5,6,6,7,4,8,9,3,7
Bari 1908: Opp SOT: 3,8,7,4,3,9,9,2,8 | Opp Shots: 14,14,17,18,14,24,16,13,20 | Opp Fouls: 16,10,16,22,15,7,22,22,13 | Opp Tackles: 6,30,9,16,13,22,17,15,11 | Opp Cards: 5,3,1,6,4,0,1,4,1 | Opp Saves: 3,1,3,2,2,0,2,3,2 | Opp GKicks: 4,8,10,4,11,9,6,6,9 | Opp Corners: 2,3,7,4,2,6,2,6,6
Calcio Padova: Opp SOT: 5,6,3,5,5,4,3,4,2,4 | Opp Shots: 9,17,19,15,12,13,11,13,16,15 | Opp Fouls: 17,18,14,12,13,10,19,16,17,19 | Opp Tackles: 4,6,6,11,9,16,12,7,7,14 | Opp Cards: 1,2,3,2,1,1,6,2,3,2 | Opp Saves: 1,1,4,6,1,3,3,5,1,3 | Opp GKicks: 5,8,3,6,9,7,7,10,8,5 | Opp Corners: 3,3,8,7,1,7,8,4,4,6
Carrarese: Opp SOT: 3,8,8,2,0,4,3,3,1,2 | Opp Shots: 12,25,16,15,10,12,5,18,11,7 | Opp Fouls: 13,14,11,19,21,20,14,17,15,12 | Opp Tackles: 11,10,15,6,13,18,16,12,19,9 | Opp Cards: 1,4,2,4,4,2,5,4,4,6 | Opp Saves: 2,2,1,3,3,3,3,2,2,4 | Opp GKicks: 7,8,7,3,4,5,10,10,11,6 | Opp Corners: 5,4,10,3,6,2,2,6,2,7
Catanzaro: Opp SOT: 5,5,5,3,3,2,4,2,1,4 | Opp Shots: 16,14,10,13,11,4,12,11,7,12 | Opp Fouls: 14,25,16,17,16,17,14,16,23,20 | Opp Tackles: 8,17,24,11,15,5,9,13,15,11 | Opp Cards: 1,3,4,2,0,7,1,3,3,2 | Opp Saves: 5,2,3,3,7,1,2,2,1,1 | Opp GKicks: 9,10,12,3,9,10,13,9,6,6 | Opp Corners: 9,8,4,5,3,0,3,8,1,5
Cesena: Opp SOT: 3,2,4,2,7,2,3,1,1,4 | Opp Shots: 9,14,12,6,17,10,17,11,9,12 | Opp Fouls: 8,16,19,12,13,14,17,19,9,16 | Opp Tackles: 12,15,11,27,14,9,22,14,13,15 | Opp Cards: 1,2,1,3,2,1,4,4,3,1 | Opp Saves: 1,0,3,1,1,1,3,1,1,5 | Opp GKicks: 7,4,3,13,10,7,4,9,8,7 | Opp Corners: 4,8,6,0,7,1,2,1,2,3
Empoli: Opp SOT: 2,4,4,5,3,5,10,6,6,4 | Opp Shots: 14,11,16,13,16,9,18,13,16,9 | Opp Fouls: 11,18,7,19,15,15,14,20,14,19 | Opp Tackles: 14,12,10,12,16,20,14,14,12,21 | Opp Cards: 2,3,1,3,2,3,1,2,0,4 | Opp Saves: 0,0,6,3,4,2,4,4,1,1 | Opp GKicks: 6,6,3,12,4,4,4,8,4,6 | Opp Corners: 5,6,6,2,4,3,6,7,8,4
Frosinone: Opp SOT: 1,3,9,8,2,9,5,5,2,3 | Opp Shots: 11,13,20,17,11,28,14,10,13,14 | Opp Fouls: 15,11,22,18,20,16,18,11,18,16 | Opp Tackles: 26,16,16,11,19,5,10,13,9,18 | Opp Cards: 0,0,3,3,1,2,2,1,1,2 | Opp Saves: 5,3,2,5,4,4,3,3,4,2 | Opp GKicks: 12,12,11,13,9,8,12,7,7,8 | Opp Corners: 3,5,2,3,3,6,4,6,6,1
Juve Stabia: Opp SOT: 3,2,6,6,4,4,1,1,2 | Opp Shots: 10,11,10,15,19,7,4,3,10 | Opp Fouls: 9,7,13,16,12,13,12,12,14 | Opp Tackles: 14,24,15,11,10,14,23,11,9 | Opp Cards: 2,2,2,3,2,0,0,2,2 | Opp Saves: 4,0,2,2,0,2,5,4,1 | Opp GKicks: 10,12,11,1,4,7,14,10,4 | Opp Corners: 2,3,5,4,7,6,1,1,5
Mantova: Opp SOT: 7,4,1,6,4,9,5,9,1,2 | Opp Shots: 19,6,7,12,10,22,22,15,10,16 | Opp Fouls: 18,24,20,13,20,22,16,21,24,21 | Opp Tackles: 14,16,10,20,17,14,17,14,15,17 | Opp Cards: 2,2,3,2,2,4,3,3,2,3 | Opp Saves: 4,4,7,12,5,8,4,3,5,2 | Opp GKicks: 9,8,8,8,4,12,5,8,5,3 | Opp Corners: 5,3,2,8,4,4,10,7,5,9
Modena: Opp SOT: 2,1,2,3,3,2,5,2,1,3 | Opp Shots: 8,6,10,15,14,6,12,6,3,11 | Opp Fouls: 16,16,15,17,14,15,11,12,15,17 | Opp Tackles: 18,13,13,13,15,13,6,10,14,22 | Opp Cards: 2,3,1,0,2,3,3,2,6,1 | Opp Saves: 1,2,5,5,0,1,3,6,4,2 | Opp GKicks: 19,6,6,8,8,11,8,10,15,7 | Opp Corners: 1,5,3,3,4,0,4,2,2,4
Monza: Opp SOT: 2,2,2,4,5,4,3,2,4,2 | Opp Shots: 17,3,15,10,12,13,11,12,20,8 | Opp Fouls: 5,13,11,9,12,12,14,22,11,19 | Opp Tackles: 15,20,7,14,17,19,12,19,13,11 | Opp Cards: 1,3,1,1,2,2,3,2,2,3 | Opp Saves: 2,6,8,1,2,4,1,0,1,1 | Opp GKicks: 7,6,8,12,11,7,8,5,11,15 | Opp Corners: 6,2,5,3,4,3,1,2,3,1
Palermo: Opp SOT: 5,3,5,6,3,2,0,2,4,3 | Opp Shots: 12,10,17,12,11,13,8,16,10,10 | Opp Fouls: 19,8,11,13,14,14,15,18,13,16 | Opp Tackles: 20,14,17,13,5,9,11,17,14,13 | Opp Cards: 4,3,1,1,2,2,3,2,3,1 | Opp Saves: 3,4,1,1,1,1,6,2,2,12 | Opp GKicks: 11,13,7,6,7,5,11,7,7,11 | Opp Corners: 6,2,5,5,3,2,1,7,3,6
Pescara: Opp SOT: 5,3,3,12,6,3,4,5,7,9 | Opp Shots: 20,21,11,28,13,15,8,12,15,19 | Opp Fouls: 13,12,14,19,20,15,20,20,15,7 | Opp Tackles: 8,14,16,22,21,19,20,14,13,10 | Opp Cards: 3,2,2,2,3,3,2,1,4,1 | Opp Saves: 6,2,5,0,1,1,6,3,2,3 | Opp GKicks: 10,8,7,5,5,6,7,7,9,9 | Opp Corners: 8,11,4,8,2,4,5,5,4,5
Reggiana: Opp SOT: 5,1,9,2,2,2,9,4,6,2 | Opp Shots: 13,22,18,11,16,3,29,18,17,2 | Opp Fouls: 15,19,15,17,17,9,14,9,22,18 | Opp Tackles: 13,17,15,22,20,8,23,17,17,11 | Opp Cards: 4,3,2,2,3,2,1,2,4,3 | Opp Saves: 2,1,1,5,0,3,1,2,1,3 | Opp GKicks: 5,6,1,6,4,3,5,8,5,5 | Opp Corners: 4,9,7,1,4,5,10,3,8,2
Sampdoria: Opp SOT: 1,5,6,1,7,3,2,3,3,4 | Opp Shots: 7,16,17,6,16,13,7,8,11,10 | Opp Fouls: 10,19,16,11,12,18,14,17,17,15 | Opp Tackles: 14,18,8,9,16,9,12,13,9,24 | Opp Cards: 4,3,3,2,1,2,2,2,1,4 | Opp Saves: 1,2,3,8,3,2,3,0,4,3 | Opp GKicks: 15,8,7,8,5,8,9,9,14,6 | Opp Corners: 4,8,12,1,5,3,2,2,2,0
Spezia: Opp SOT: 2,2,5,3,4,3,5,4,1,6 | Opp Shots: 4,7,12,10,14,11,11,12,5,10 | Opp Fouls: 16,12,20,17,16,19,25,21,14,19 | Opp Tackles: 11,10,14,8,7,6,8,14,15,14 | Opp Cards: 6,3,4,3,5,1,3,3,3,2 | Opp Saves: 4,3,3,6,1,2,3,5,1,1 | Opp GKicks: 7,10,4,8,6,5,8,6,6,8 | Opp Corners: 3,7,4,5,2,7,3,2,5,3
Südtirol: Opp SOT: 4,1,8,6,2,2,5,4,5,2 | Opp Shots: 17,5,25,21,9,12,21,12,18,7 | Opp Fouls: 9,18,15,14,10,10,18,19,18,8 | Opp Tackles: 12,12,6,16,17,21,10,19,14,11 | Opp Cards: 1,2,1,2,2,0,2,3,2,0 | Opp Saves: 2,2,0,4,5,5,2,2,0,3 | Opp GKicks: 7,10,8,7,7,13,5,15,5,13 | Opp Corners: 1,4,5,7,5,4,5,3,5,1
Venezia: Opp SOT: 2,5,7,5,1,2,6,5,4,3 | Opp Shots: 4,14,9,17,3,5,13,16,17,11 | Opp Fouls: 18,14,13,29,20,20,11,18,13,14 | Opp Tackles: 10,22,18,21,14,11,16,11,15,16 | Opp Cards: 2,5,3,4,6,3,2,1,3,1 | Opp Saves: 1,6,3,5,3,1,2,3,1,6 | Opp GKicks: 13,15,11,3,4,10,10,5,4,7 | Opp Corners: 4,6,5,7,4,2,3,7,6,3
Virtus Entella: Opp SOT: 9,3,4,7,4,5,5,4,2,2 | Opp Shots: 21,11,14,18,9,12,10,15,12,10 | Opp Fouls: 13,8,14,11,11,8,16,5,15,14 | Opp Tackles: 21,10,14,13,12,13,16,6,17,10 | Opp Cards: 1,1,1,1,1,1,0,0,2,2 | Opp Saves: 1,3,3,3,2,2,2,7,0,1 | Opp GKicks: 9,13,7,5,6,10,10,6,8,8 | Opp Corners: 10,5,5,5,2,3,5,4,8,7

===== League 564 =====
Athletic Club: Opp SOT: 3,5,2,5,3,5,2,2,1,6 | Opp Shots: 8,15,6,14,6,13,4,9,6,12 | Opp Fouls: 14,8,13,13,15,13,21,9,13,12 | Opp Tackles: 23,12,18,23,10,20,20,25,16,18 | Opp Cards: 3,2,7,2,2,1,4,1,4,2 | Opp Saves: 4,1,3,4,4,6,3,5,3,0 | Opp GKicks: 5,9,7,4,13,6,12,6,11,4 | Opp Corners: 5,6,2,6,1,5,6,4,6,1
Atlético Madrid: Opp SOT: 5,2,4,2,3,3,1,2,2,5 | Opp Shots: 17,9,18,6,9,8,8,5,6,9 | Opp Fouls: 9,11,7,14,12,14,15,10,7,14 | Opp Tackles: 20,18,18,11,21,13,12,14,19,10 | Opp Cards: 2,3,1,4,5,0,4,2,3,3 | Opp Saves: 2,8,1,2,5,6,1,5,5,3 | Opp GKicks: 5,13,5,8,11,10,5,14,10,8 | Opp Corners: 2,2,6,2,6,3,3,1,2,1
Celta de Vigo: Opp SOT: 7,7,1,8,5,8,3,2,4,3 | Opp Shots: 17,17,6,17,15,13,8,7,12,10 | Opp Fouls: 10,20,10,12,8,9,8,11,12,17 | Opp Tackles: 14,8,14,16,11,16,28,15,9,21 | Opp Cards: 3,3,4,3,1,3,1,2,3,2 | Opp Saves: 2,0,3,1,4,6,2,4,1,4 | Opp GKicks: 4,4,14,4,6,16,11,6,6,11 | Opp Corners: 5,10,3,7,5,3,5,4,3,3
Deportivo Alavés: Opp SOT: 5,2,3,3,1,3,3,6,5,3 | Opp Shots: 15,5,6,12,7,9,12,15,16,7 | Opp Fouls: 13,20,9,14,14,19,17,17,10,13 | Opp Tackles: 18,18,18,22,25,20,20,19,11,16 | Opp Cards: 1,2,2,2,2,7,2,3,2,1 | Opp Saves: 2,3,2,3,4,4,2,1,5,2 | Opp GKicks: 11,11,10,8,4,4,1,9,8,16 | Opp Corners: 7,0,4,4,2,4,6,6,5,1
Elche: Opp SOT: 7,1,5,2,2,4,3,1,6,4 | Opp Shots: 16,4,25,8,9,12,7,11,13,12 | Opp Fouls: 14,13,13,20,19,18,23,17,14,13 | Opp Tackles: 16,13,20,23,21,16,22,13,20,18 | Opp Cards: 4,3,3,3,2,2,4,2,0,1 | Opp Saves: 4,5,2,6,3,4,0,3,1,1 | Opp GKicks: 5,6,0,6,5,7,4,10,5,7 | Opp Corners: 4,2,14,2,2,3,2,2,10,3
Espanyol: Opp SOT: 4,4,3,3,2,5,10,3,7,4 | Opp Shots: 13,13,12,12,5,16,24,10,15,15 | Opp Fouls: 15,9,4,9,9,10,16,14,16,11 | Opp Tackles: 14,13,16,6,25,18,20,14,16,11 | Opp Cards: 2,2,6,0,4,2,1,3,2,3 | Opp Saves: 6,8,4,5,6,1,0,3,1,3 | Opp GKicks: 8,7,13,10,9,3,6,8,9,6 | Opp Corners: 2,3,5,8,3,5,9,3,5,3
FC Barcelona: Opp SOT: 10,4,5,2,3,2,1,6,5,1 | Opp Shots: 23,11,13,7,7,3,2,12,8,4 | Opp Fouls: 12,7,18,12,10,16,8,16,10,8 | Opp Tackles: 24,11,18,25,21,22,19,17,31,12 | Opp Cards: 6,2,7,2,1,4,1,4,3,6 | Opp Saves: 4,7,7,8,7,4,5,2,9,5 | Opp GKicks: 6,20,8,11,5,8,12,11,10,9 | Opp Corners: 12,5,7,1,6,2,4,9,0,3
Getafe: Opp SOT: 4,4,10,3,3,4,7,1,4,3 | Opp Shots: 8,7,23,7,11,10,16,5,7,12 | Opp Fouls: 15,15,11,11,16,20,9,18,18,10 | Opp Tackles: 16,13,17,10,18,15,12,20,12,24 | Opp Cards: 1,2,1,1,3,3,2,6,2,2 | Opp Saves: 2,3,1,1,3,0,2,1,1,4 | Opp GKicks: 8,3,7,5,11,6,4,7,8,1 | Opp Corners: 3,1,4,1,2,7,3,3,8,5
Girona: Opp SOT: 4,5,9,6,5,5,7,7,4,7 | Opp Shots: 12,10,27,19,20,17,14,21,13,19 | Opp Fouls: 17,16,10,12,11,19,17,7,14,8 | Opp Tackles: 18,20,20,10,20,18,15,15,17,22 | Opp Cards: 1,3,2,1,1,0,3,0,2,1 | Opp Saves: 3,3,3,2,3,2,1,7,5,2 | Opp GKicks: 5,4,6,4,4,3,5,4,7,6 | Opp Corners: 8,4,11,7,4,8,4,10,3,8
Levante: Opp SOT: 4,5,2,4,10,1,9,5,10,4 | Opp Shots: 20,10,13,11,24,7,28,16,26,15 | Opp Fouls: 8,17,10,15,9,11,11,14,8,15 | Opp Tackles: 10,27,15,19,22,16,17,13,11,15 | Opp Cards: 3,1,2,4,1,6,2,1,1,0 | Opp Saves: 4,4,3,2,1,2,0,1,3,2 | Opp GKicks: 4,7,5,15,3,4,8,8,2,5 | Opp Corners: 5,4,9,6,7,5,12,4,11,10
Mallorca: Opp SOT: 5,4,5,3,4,7,3,7,2,8 | Opp Shots: 13,13,18,12,17,12,9,17,8,24 | Opp Fouls: 13,16,16,18,13,6,9,12,12,17 | Opp Tackles: 22,15,8,26,13,10,11,13,11,15 | Opp Cards: 2,2,4,3,2,1,3,2,3,1 | Opp Saves: 4,3,1,1,3,2,8,2,3,1 | Opp GKicks: 13,2,5,7,5,6,7,6,9,4 | Opp Corners: 4,9,7,8,11,6,3,4,4,6
Osasuna: Opp SOT: 5,9,2,6,4,8,6,4,1,5 | Opp Shots: 11,18,6,12,12,26,19,10,4,18 | Opp Fouls: 13,10,14,6,13,10,7,13,13,10 | Opp Tackles: 9,16,16,13,15,15,13,16,12,16 | Opp Cards: 4,1,4,0,2,2,2,2,2,1 | Opp Saves: 5,2,2,1,1,2,4,3,3,0 | Opp GKicks: 11,5,8,10,5,8,8,8,11,3 | Opp Corners: 2,4,6,5,3,7,6,2,4,7
Rayo Vallecano: Opp SOT: 2,4,3,1,8,5,7,3,4,2 | Opp Shots: 12,17,10,4,20,9,9,12,11,7 | Opp Fouls: 11,6,13,15,6,10,13,8,13,8 | Opp Tackles: 27,16,11,15,12,13,9,18,14,13 | Opp Cards: 3,0,1,2,3,1,3,1,0,1 | Opp Saves: 4,1,1,6,1,4,6,5,1,2 | Opp GKicks: 11,5,4,10,9,13,15,5,6,10 | Opp Corners: 5,11,7,4,8,7,3,4,3,2
Real Betis: Opp SOT: 4,3,5,1,5,2,6,5,5,2 | Opp Shots: 9,7,14,12,11,5,15,14,11,6 | Opp Fouls: 18,13,16,7,20,16,16,13,17,14 | Opp Tackles: 29,11,14,12,25,13,15,17,23,13 | Opp Cards: 1,1,2,1,6,4,5,1,3,0 | Opp Saves: 5,1,1,4,4,7,1,0,5,3 | Opp GKicks: 12,13,6,6,8,12,7,5,9,5 | Opp Corners: 5,5,10,5,5,4,10,10,2,1
Real Madrid: Opp SOT: 6,1,2,7,2,1,4,5,3,0 | Opp Shots: 15,7,9,13,11,8,23,9,6,2 | Opp Fouls: 9,27,14,17,17,20,17,7,8,12 | Opp Tackles: 20,19,29,14,19,21,13,14,20,20 | Opp Cards: 6,6,5,5,1,0,2,0,2,1 | Opp Saves: 9,9,4,0,6,3,4,5,8,4 | Opp GKicks: 8,10,13,7,9,7,8,14,12,11 | Opp Corners: 4,1,0,7,1,3,12,5,1,0
Real Oviedo: Opp SOT: 6,10,5,5,10,5,3,6,10,10 | Opp Shots: 8,19,14,16,22,15,10,18,26,25 | Opp Fouls: 13,8,10,14,6,9,12,18,7,10 | Opp Tackles: 12,11,14,10,18,18,16,15,23,11 | Opp Cards: 4,1,2,1,0,2,2,1,1,1 | Opp Saves: 2,4,2,2,2,4,1,0,3,4 | Opp GKicks: 4,8,10,4,2,6,3,7,4,2 | Opp Corners: 11,5,3,5,9,3,4,10,9,10
Real Sociedad: Opp SOT: 1,1,2,12,3,6,6,1,3,2 | Opp Shots: 6,4,7,22,7,21,16,8,14,18 | Opp Fouls: 14,10,21,6,15,7,7,7,18,5 | Opp Tackles: 13,15,13,12,15,26,9,14,21,12 | Opp Cards: 3,5,2,1,2,3,2,2,2,1 | Opp Saves: 1,6,3,1,3,4,3,6,5,2 | Opp GKicks: 6,11,10,4,10,5,15,10,10,12 | Opp Corners: 9,1,5,12,2,3,4,1,2,8
Sevilla: Opp SOT: 3,6,8,6,5,5,2,5,6,3 | Opp Shots: 5,7,17,18,12,8,5,20,9,14 | Opp Fouls: 19,13,9,11,14,20,19,5,24,8 | Opp Tackles: 22,16,19,14,18,21,25,15,16,11 | Opp Cards: 1,1,5,4,3,1,3,0,2,0 | Opp Saves: 0,3,1,0,1,1,1,2,3,4 | Opp GKicks: 4,6,6,6,9,6,3,6,11,5 | Opp Corners: 1,2,6,12,3,4,2,11,3,10
Valencia: Opp SOT: 5,3,4,4,10,5,10,1,4,3 | Opp Shots: 12,13,4,10,21,11,24,11,16,13 | Opp Fouls: 14,13,13,12,9,6,9,7,14,11 | Opp Tackles: 12,10,10,17,7,14,17,16,13,19 | Opp Cards: 4,1,6,5,1,2,0,0,2,2 | Opp Saves: 3,2,5,4,0,3,1,1,1,1 | Opp GKicks: 4,4,8,8,3,7,2,3,6,5 | Opp Corners: 5,7,0,4,8,6,5,6,3,7
Villarreal: Opp SOT: 3,3,7,4,2,3,3,2,2,4 | Opp Shots: 15,16,26,16,16,6,8,10,5,5 | Opp Fouls: 13,10,9,11,17,11,12,11,9,8 | Opp Tackles: 23,12,26,12,23,20,11,19,18,11 | Opp Cards: 2,1,2,0,2,4,2,1,2,3 | Opp Saves: 3,2,1,4,3,6,1,2,2,8 | Opp GKicks: 6,9,5,9,5,20,10,8,10,14 | Opp Corners: 7,6,4,5,3,0,8,1,1,1

===== League 567 =====
Albacete: Opp SOT: 9,5,1,1,6,5,1,6,2,6 | Opp Shots: 13,22,3,6,11,15,10,13,6,13 | Opp Fouls: 10,14,17,19,12,12,7,7,15,7 | Opp Tackles: 23,12,13,18,14,12,8,11,14,13 | Opp Cards: 0,7,3,1,1,1,1,1,4,3 | Opp Saves: 3,7,4,3,3,6,1,4,3,0 | Opp GKicks: 11,7,10,7,4,10,8,14,7,3 | Opp Corners: 4,9,3,6,2,6,3,2,7,10
Almería: Opp SOT: 4,5,5,4,3,5,8,7,3,6 | Opp Shots: 9,14,14,15,9,9,11,11,9,10 | Opp Fouls: 11,17,12,11,12,7,28,18,19,10 | Opp Tackles: 21,17,15,11,12,10,17,13,21,18 | Opp Cards: 2,2,2,3,3,10,5,3,3,1 | Opp Saves: 3,3,9,2,1,7,2,3,3,1 | Opp GKicks: 11,6,7,2,10,13,5,10,5,10 | Opp Corners: 3,3,5,4,5,1,8,3,2,3
Burgos: Opp SOT: 1,3,3,4,2,2,9,7,5,2 | Opp Shots: 5,9,11,9,6,7,29,15,14,10 | Opp Fouls: 13,14,28,14,17,13,8,13,11,13 | Opp Tackles: 20,18,18,20,11,17,17,15,14,16 | Opp Cards: 2,3,7,2,5,3,1,2,1,2 | Opp Saves: 1,1,1,1,1,2,2,2,3,1 | Opp GKicks: 9,6,13,9,7,9,4,5,9,7 | Opp Corners: 3,1,2,1,3,1,8,6,5,2
Castellón: Opp SOT: 4,8,0,4,0,2,5,5,2,4 | Opp Shots: 15,11,7,5,7,10,10,10,12,10 | Opp Fouls: 11,18,13,18,18,15,12,15,16,19 | Opp Tackles: 19,16,24,26,14,22,20,25,17,21 | Opp Cards: 1,4,1,6,4,3,6,2,3,3 | Opp Saves: 4,5,5,2,0,5,4,1,4,4 | Opp GKicks: 9,15,13,11,14,11,9,6,11,6 | Opp Corners: 6,3,1,1,6,1,6,4,3,9
Ceuta: Opp SOT: 2,0,4,1,3,3,7,1,9,4 | Opp Shots: 15,6,13,5,8,12,15,6,17,7 | Opp Fouls: 15,15,8,10,10,10,11,11,19,15 | Opp Tackles: 17,19,17,16,12,20,19,19,20,17 | Opp Cards: 3,1,1,2,2,2,3,4,0,2 | Opp Saves: 0,3,1,2,3,2,1,2,0,7 | Opp GKicks: 5,6,4,8,7,7,1,9,8,4 | Opp Corners: 8,5,6,3,1,5,10,0,5,3
Cultural Leonesa: Opp SOT: 1,2,5,3,1,8,8,5,6,3 | Opp Shots: 5,9,19,9,18,13,20,12,17,13 | Opp Fouls: 11,9,19,11,14,11,8,9,12,15 | Opp Tackles: 10,11,29,18,18,18,15,17,12,13 | Opp Cards: 1,7,4,2,3,5,0,3,4,2 | Opp Saves: 2,7,5,1,3,1,1,2,2,6 | Opp GKicks: 10,9,4,2,4,8,7,4,6,8 | Opp Corners: 2,3,4,1,2,4,11,3,10,5
Cádiz: Opp SOT: 1,4,1,1,3,5,4,5,4,4 | Opp Shots: 18,13,10,14,11,17,17,17,12,9 | Opp Fouls: 7,19,12,11,16,10,12,20,13,13 | Opp Tackles: 12,15,15,3,12,30,15,18,13,13 | Opp Cards: 1,4,3,1,2,1,3,4,4,2 | Opp Saves: 1,2,1,3,3,2,3,0,0,2 | Opp GKicks: 8,9,12,2,10,5,5,12,4,6 | Opp Corners: 8,4,2,6,1,5,4,1,4,7
Córdoba: Opp SOT: 4,4,5,4,5,6,8,2,6,5 | Opp Shots: 21,13,15,10,10,9,14,6,12,13 | Opp Fouls: 8,11,13,12,23,15,16,17,17,16 | Opp Tackles: 19,11,23,19,22,11,20,19,27,15 | Opp Cards: 0,2,2,7,4,3,2,0,2,1 | Opp Saves: 6,4,3,2,2,3,5,3,1,3 | Opp GKicks: 4,7,9,11,5,11,12,6,4,11 | Opp Corners: 9,2,6,7,8,1,3,4,7,2
Deportivo La Coruña: Opp SOT: 5,6,5,3,10,0,6,3,7,1 | Opp Shots: 15,21,15,10,23,6,9,8,19,11 | Opp Fouls: 17,7,15,13,13,9,13,14,8,14 | Opp Tackles: 28,9,15,12,14,11,12,13,17,25 | Opp Cards: 4,3,1,3,4,2,2,1,4,1 | Opp Saves: 3,5,4,3,2,3,4,5,4,2 | Opp GKicks: 10,8,8,10,9,5,8,5,7,8 | Opp Corners: 5,6,1,2,6,3,1,3,4,6
FC Andorra: Opp SOT: 7,4,4,5,6,2,6,6,4,6 | Opp Shots: 16,13,8,11,18,7,19,16,12,13 | Opp Fouls: 12,13,18,9,11,22,23,20,11,14 | Opp Tackles: 19,29,20,18,18,20,15,29,15,21 | Opp Cards: 3,2,4,3,3,5,4,3,2,2 | Opp Saves: 3,3,3,3,2,5,5,5,3,7 | Opp GKicks: 6,9,5,6,6,17,8,2,6,9 | Opp Corners: 2,3,2,1,15,4,7,10,4,6
Granada: Opp SOT: 1,3,1,8,2,3,3,3,4,6 | Opp Shots: 11,13,9,14,15,16,5,8,11,16 | Opp Fouls: 17,15,10,18,12,9,18,16,20,23 | Opp Tackles: 12,18,14,21,8,26,19,24,15,10 | Opp Cards: 2,4,1,4,1,1,3,2,2,2 | Opp Saves: 1,4,1,0,2,1,3,5,3,0 | Opp GKicks: 13,8,12,7,8,9,12,9,7,2 | Opp Corners: 4,5,7,5,13,6,1,2,1,6
Huesca: Opp SOT: 1,2,2,3,6,3,4,3,2,3 | Opp Shots: 12,11,4,9,16,7,14,13,5,7 | Opp Fouls: 7,12,13,12,14,11,13,15,16,12 | Opp Tackles: 11,14,14,12,12,19,11,15,6,10 | Opp Cards: 1,2,3,1,1,2,1,2,5,2 | Opp Saves: 2,1,2,2,0,2,0,2,1,2 | Opp GKicks: 9,9,5,8,8,7,3,8,9,13 | Opp Corners: 4,13,1,2,6,3,8,6,1,3
Las Palmas: Opp SOT: 3,2,1,3,2,3,1,2,1,5 | Opp Shots: 13,9,11,8,13,8,3,6,9,13 | Opp Fouls: 19,17,18,18,17,23,20,16,17,20 | Opp Tackles: 10,17,13,14,20,8,14,15,17,23 | Opp Cards: 3,1,1,4,5,8,6,2,4,4 | Opp Saves: 0,6,1,0,3,0,3,7,6,2 | Opp GKicks: 12,4,9,12,6,5,8,7,8,4 | Opp Corners: 5,5,7,5,1,2,2,2,3,3
Leganés: Opp SOT: 3,5,4,4,1,1,4,1,6,3 | Opp Shots: 12,14,13,8,10,3,13,8,13,10 | Opp Fouls: 13,7,16,9,20,16,12,17,21,17 | Opp Tackles: 16,19,10,17,21,10,10,23,18,16 | Opp Cards: 2,0,6,3,2,5,2,0,3,1 | Opp Saves: 3,5,7,3,1,3,1,5,5,3 | Opp GKicks: 6,8,11,10,7,8,6,11,7,4 | Opp Corners: 7,5,3,7,2,4,5,9,3,5
Mirandés: Opp SOT: 7,5,7,5,2,6,9,5,4,2 | Opp Shots: 16,12,17,22,10,18,22,18,15,6 | Opp Fouls: 15,14,7,9,18,15,10,10,15,13 | Opp Tackles: 17,17,11,16,10,11,13,15,11,14 | Opp Cards: 2,2,1,0,4,2,3,3,3,2 | Opp Saves: 2,0,4,1,2,1,5,2,2,2 | Opp GKicks: 9,5,5,10,5,5,4,9,6,8 | Opp Corners: 4,5,10,14,2,8,6,5,6,4
Málaga: Opp SOT: 5,8,4,8,3,3,3,7,6,4 | Opp Shots: 23,15,10,16,7,7,12,18,14,10 | Opp Fouls: 13,9,11,16,13,11,17,13,8,15 | Opp Tackles: 15,20,21,15,16,23,17,20,14,25 | Opp Cards: 3,1,3,2,5,2,4,1,2,2 | Opp Saves: 3,4,2,5,1,5,3,1,0,4 | Opp GKicks: 6,10,7,6,7,10,8,6,5,13 | Opp Corners: 7,7,9,11,0,2,4,1,7,2
Racing Santander: Opp SOT: 4,3,5,4,5,4,5,5,5,1 | Opp Shots: 12,14,12,9,10,14,24,11,15,11 | Opp Fouls: 19,28,10,14,15,17,8,15,15,7 | Opp Tackles: 16,13,13,25,17,18,25,19,22,14 | Opp Cards: 1,5,1,2,1,3,3,3,4,2 | Opp Saves: 1,4,4,2,4,5,3,6,4,5 | Opp GKicks: 8,5,14,11,7,11,4,7,6,7 | Opp Corners: 8,5,6,4,3,3,12,1,5,1
Real Sociedad II: Opp SOT: 1,3,3,5,3,6,5,2,5,5 | Opp Shots: 13,14,10,13,13,12,16,9,16,21 | Opp Fouls: 14,13,13,18,19,14,14,13,14,12 | Opp Tackles: 13,20,18,21,15,23,17,17,17,16 | Opp Cards: 5,4,3,2,5,2,1,3,4,2 | Opp Saves: 4,1,1,6,5,3,1,2,1,4 | Opp GKicks: 6,10,6,7,3,10,3,11,9,7 | Opp Corners: 5,6,4,2,5,2,4,5,8,6
Real Valladolid: Opp SOT: 4,5,1,2,4,8,3,2,1,4 | Opp Shots: 10,7,7,10,9,19,14,8,5,11 | Opp Fouls: 18,9,16,11,21,8,13,16,16,14 | Opp Tackles: 15,33,14,16,21,20,13,21,30,16 | Opp Cards: 3,3,8,2,3,3,5,5,2,3 | Opp Saves: 4,3,2,4,1,5,5,3,6,3 | Opp GKicks: 5,10,6,12,14,9,5,6,11,5 | Opp Corners: 4,1,2,2,2,2,3,1,0,8
Real Zaragoza: Opp SOT: 3,13,14,2,2,3,1,4,5,10 | Opp Shots: 4,19,22,11,14,7,6,10,14,17 | Opp Fouls: 12,9,18,18,19,18,16,21,14,17 | Opp Tackles: 14,18,15,15,10,13,12,22,9,19 | Opp Cards: 2,2,2,5,3,5,3,4,2,2 | Opp Saves: 3,2,3,4,1,3,1,2,1,5 | Opp GKicks: 13,6,8,10,6,8,9,7,5,5 | Opp Corners: 2,5,7,4,4,6,6,7,7,5
SD Eibar: Opp SOT: 3,9,5,3,3,4,4,5,4,0 | Opp Shots: 9,11,16,12,9,16,12,11,11,3 | Opp Fouls: 10,16,6,13,13,18,15,11,14,16 | Opp Tackles: 11,10,19,16,18,13,21,19,11,18 | Opp Cards: 5,2,4,4,5,2,2,4,2,5 | Opp Saves: 3,1,0,1,9,3,4,4,2,3 | Opp GKicks: 11,6,5,6,10,9,7,6,11,11 | Opp Corners: 2,1,7,7,2,3,5,5,5,3
Sporting Gijón: Opp SOT: 3,5,3,5,7,9,5,6,2,7 | Opp Shots: 22,17,13,12,11,24,10,14,9,12 | Opp Fouls: 18,12,13,13,9,15,10,9,12,11 | Opp Tackles: 11,21,19,14,20,11,21,14,14,14 | Opp Cards: 1,0,6,3,2,3,2,3,1,1 | Opp Saves: 2,2,2,3,3,4,6,3,5,3 | Opp GKicks: 5,6,5,4,7,8,14,5,14,4 | Opp Corners: 16,5,6,3,8,6,4,6,3,3

===== League 600 =====
Alanyaspor: Opp SOT: 5,6,7,2,5,7,5,4,3,3 | Opp Shots: 14,10,11,7,13,19,13,15,5,7 | Opp Fouls: 16,14,15,16,21,10,17,18,19,14 | Opp Tackles: 16,7,15,11,10,21,13,15,14,14 | Opp Cards: 0,5,2,1,3,1,5,3,3,2 | Opp Saves: 1,4,4,8,5,0,2,1,1,1 | Opp GKicks: 10,9,11,10,8,4,4,7,7,5 | Opp Corners: 4,4,7,0,7,8,6,6,0,1
Antalyaspor: Opp SOT: 9,8,7,11,4,3,6,6,2,2 | Opp Shots: 19,22,14,19,14,16,17,17,14,10 | Opp Fouls: 15,11,16,19,18,13,14,12,3,21 | Opp Tackles: 7,21,17,24,14,10,10,10,12,7 | Opp Cards: 2,5,4,4,3,3,2,1,0,4 | Opp Saves: 4,2,5,2,4,2,3,4,3,4 | Opp GKicks: 8,5,4,2,3,2,5,6,10,8 | Opp Corners: 8,6,2,5,4,6,4,5,8,3
Beşiktaş: Opp SOT: 4,3,2,2,1,2,5,4,3,4 | Opp Shots: 12,22,5,14,7,6,13,11,9,11 | Opp Fouls: 14,7,14,7,14,17,16,7,8,10 | Opp Tackles: 12,13,14,8,8,15,17,17,12,20 | Opp Cards: 1,1,4,2,4,4,2,5,1,2 | Opp Saves: 5,2,3,4,4,5,2,4,4,7 | Opp GKicks: 10,3,11,4,5,6,6,12,7,13 | Opp Corners: 8,17,4,4,6,4,6,5,2,3
Eyüpspor: Opp SOT: 6,3,4,2,4,9,4,2,9,5 | Opp Shots: 14,9,9,16,11,21,10,12,18,16 | Opp Fouls: 18,9,18,19,18,12,21,18,14,12 | Opp Tackles: 14,17,16,17,21,27,15,12,19,22 | Opp Cards: 4,1,3,1,3,1,4,3,2,1 | Opp Saves: 4,7,6,2,2,2,1,1,3,2 | Opp GKicks: 8,8,3,9,21,7,11,3,6,14 | Opp Corners: 8,10,3,3,2,6,5,5,10,7
Fatih Karagümrük: Opp SOT: 10,8,8,11,5,1,1,5,7,8 | Opp Shots: 13,21,17,22,14,4,8,8,16,28 | Opp Fouls: 21,10,15,13,16,16,17,15,19,11 | Opp Tackles: 23,24,21,11,21,15,15,15,24,18 | Opp Cards: 5,2,4,1,2,2,5,0,2,0 | Opp Saves: 1,5,3,0,2,2,2,4,2,2 | Opp GKicks: 11,5,7,7,10,8,12,10,8,7 | Opp Corners: 7,6,2,7,6,4,4,7,6,10
Fenerbahçe: Opp SOT: 5,6,4,2,2,2,1,3,1,2 | Opp Shots: 8,16,12,4,17,5,1,9,7,12 | Opp Fouls: 12,17,13,14,11,11,18,9,15,24 | Opp Tackles: 11,17,15,16,19,11,16,5,8,12 | Opp Cards: 3,6,0,6,4,2,4,1,3,8 | Opp Saves: 8,6,1,9,1,4,8,1,4,1 | Opp GKicks: 5,10,7,10,7,10,12,5,9,9 | Opp Corners: 6,6,6,3,5,0,0,3,0,3
Galatasaray: Opp SOT: 3,2,5,8,5,2,4,2,2,2 | Opp Shots: 5,5,11,22,14,9,9,8,6,5 | Opp Fouls: 12,16,16,14,7,9,9,5,12,14 | Opp Tackles: 17,11,12,8,9,14,20,12,17,16 | Opp Cards: 3,2,6,2,0,3,4,2,2,3 | Opp Saves: 10,3,1,1,4,8,4,5,5,2 | Opp GKicks: 11,9,15,4,6,13,10,14,23,12 | Opp Corners: 2,2,8,6,6,6,2,6,3,1
Gaziantep F.K.: Opp SOT: 13,4,4,3,6,2,6,3,7,5 | Opp Shots: 20,7,13,9,27,3,20,7,15,15 | Opp Fouls: 15,15,22,22,12,20,15,18,17,15 | Opp Tackles: 31,14,11,21,23,17,12,12,18,19 | Opp Cards: 5,6,1,7,2,4,4,7,3,4 | Opp Saves: 5,5,5,5,0,3,3,2,2,2 | Opp GKicks: 9,11,6,16,4,9,1,14,12,6 | Opp Corners: 4,5,5,7,4,6,3,4,2,4
Gençlerbirliği: Opp SOT: 6,4,6,6,2,5,3,4,4,3 | Opp Shots: 16,11,12,23,20,15,13,25,8,9 | Opp Fouls: 17,21,17,16,14,22,15,12,9,12 | Opp Tackles: 9,12,14,11,16,14,17,14,13,15 | Opp Cards: 3,2,3,5,2,4,0,3,2,1 | Opp Saves: 1,1,5,0,3,4,2,2,2,0 | Opp GKicks: 11,5,6,3,7,10,8,3,10,3 | Opp Corners: 5,5,5,10,4,4,3,10,3,2
Göztepe: Opp SOT: 13,5,3,2,2,6,2,2,1,1 | Opp Shots: 27,15,11,6,13,8,10,11,12,13 | Opp Fouls: 8,4,11,6,12,12,4,13,13,9 | Opp Tackles: 12,10,20,18,17,10,22,11,9,18 | Opp Cards: 1,3,3,2,1,4,2,2,6,2 | Opp Saves: 2,5,1,2,2,6,7,4,2,1 | Opp GKicks: 2,6,9,11,9,13,8,10,5,12 | Opp Corners: 8,8,5,6,5,3,6,4,6,3
İstanbul Başakşehir: Opp SOT: 6,4,4,5,2,5,6,2,6,1 | Opp Shots: 11,10,14,16,9,13,13,6,21,12 | Opp Fouls: 18,10,16,10,22,15,14,14,12,11 | Opp Tackles: 16,18,16,11,14,13,9,12,15,6 | Opp Cards: 2,4,3,6,2,5,3,2,4,5 | Opp Saves: 2,5,4,0,3,3,4,0,3,4 | Opp GKicks: 8,7,7,6,11,12,9,5,3,10 | Opp Corners: 5,3,5,4,6,2,4,3,10,4
Kasımpaşa: Opp SOT: 6,10,6,2,2,3,2,6,1,6 | Opp Shots: 20,18,7,13,9,10,14,9,11,16 | Opp Fouls: 10,6,11,8,15,15,8,18,13,12 | Opp Tackles: 11,12,7,14,20,11,12,16,14,6 | Opp Cards: 2,1,3,1,1,4,0,4,2,3 | Opp Saves: 4,3,1,0,1,4,1,4,0,1 | Opp GKicks: 6,6,10,10,10,10,11,13,11,9 | Opp Corners: 0,8,3,1,8,5,6,4,4,3
Kayserispor: Opp SOT: 3,5,12,1,9,6,7,4,9,4 | Opp Shots: 10,13,25,2,13,13,13,10,19,13 | Opp Fouls: 16,11,15,16,14,12,17,12,8,12 | Opp Tackles: 21,16,8,10,10,8,7,11,11,16 | Opp Cards: 2,3,0,5,2,3,1,3,2,1 | Opp Saves: 6,2,7,5,2,3,5,1,2,2 | Opp GKicks: 5,10,7,16,8,9,4,10,13,7 | Opp Corners: 1,5,6,0,5,10,7,4,3,5
Kocaelispor: Opp SOT: 4,1,3,6,6,1,5,2,7,5 | Opp Shots: 16,9,12,12,13,8,14,12,21,13 | Opp Fouls: 12,8,15,17,18,19,20,13,12,16 | Opp Tackles: 11,16,18,19,22,12,21,14,25,6 | Opp Cards: 2,0,4,3,1,4,5,2,1,2 | Opp Saves: 6,4,0,2,0,5,2,3,0,6 | Opp GKicks: 5,8,6,5,8,13,2,5,6,5 | Opp Corners: 6,2,3,3,3,3,3,7,6,7
Konyaspor: Opp SOT: 2,4,3,2,4,7,4,8,1,3 | Opp Shots: 15,9,7,10,17,13,7,18,17,16 | Opp Fouls: 11,16,20,14,7,19,11,17,11,9 | Opp Tackles: 17,16,15,7,13,23,13,15,16,13 | Opp Cards: 5,3,5,2,0,1,3,2,3,2 | Opp Saves: 4,3,1,5,4,4,4,1,4,1 | Opp GKicks: 6,15,9,7,4,11,9,8,9,4 | Opp Corners: 6,3,4,5,11,4,1,5,6,8
Rizespor: Opp SOT: 7,4,5,7,2,6,4,7,1,4 | Opp Shots: 27,15,8,15,8,16,15,16,9,17 | Opp Fouls: 9,11,8,10,17,11,14,11,22,14 | Opp Tackles: 16,28,16,17,27,17,18,24,13,19 | Opp Cards: 0,2,0,3,2,4,2,1,1,1 | Opp Saves: 0,4,2,2,1,0,4,3,3,1 | Opp GKicks: 4,9,11,4,7,3,9,6,10,9 | Opp Corners: 7,5,0,6,4,8,7,5,3,5
Samsunspor: Opp SOT: 1,3,1,7,3,4,4,3,5,1 | Opp Shots: 8,14,6,30,11,17,6,9,13,8 | Opp Fouls: 14,13,15,4,9,15,10,7,10,12 | Opp Tackles: 17,13,14,12,11,14,14,17,10,16 | Opp Cards: 2,2,3,3,2,3,2,1,3,0 | Opp Saves: 6,3,4,1,3,3,1,3,5,1 | Opp GKicks: 10,10,7,8,12,6,13,8,17,10 | Opp Corners: 4,6,5,13,5,4,2,2,4,3
Trabzonspor: Opp SOT: 4,3,7,3,1,9,4,4,0,2 | Opp Shots: 10,22,17,13,4,29,13,7,8,12 | Opp Fouls: 12,18,14,18,17,12,13,13,24,16 | Opp Tackles: 18,19,14,21,25,32,19,15,25,22 | Opp Cards: 1,3,3,4,4,4,4,2,2,0 | Opp Saves: 4,3,8,7,5,1,2,5,0,0 | Opp GKicks: 3,5,8,9,9,1,6,12,7,13 | Opp Corners: 3,7,2,1,5,9,10,5,6,5
