===== League 8 =====
AFC Bournemouth: SOT: 5,5,6,5,2,5,6,4,3 | Shots: 13,8,11,12,11,13,20,14,10 | Fouls: 17,16,8,13,7,16,13,13,10 | Tackles: 9,18,10,23,15,18,28,12,20 | Cards: 3,4,0,2,2,4,4,2,2 | Saves: 4,4,3,6,1,1,1,1,6 | GKicks: 7,11,6,5,5,12,9,7,11 | Corners: 6,5,4,4,5,4,8,8,7
Arsenal: SOT: 3,5,5,7,3,5,1,5,3 | Shots: 10,16,21,20,12,16,11,18,9 | Fouls: 6,4,14,9,11,8,10,8,19 | Tackles: 12,9,23,13,20,13,14,12,18 | Cards: 0,0,0,1,1,1,2,0,4 | Saves: 1,0,0,2,2,1,2,1,7 | GKicks: 9,8,4,3,1,6,5,2,9 | Corners: 4,10,8,12,11,8,8,2,4
Aston Villa: SOT: 3,2,7,4,2,1,4,2,3 | Shots: 9,8,15,9,12,7,13,17,3 | Fouls: 8,7,9,10,8,15,7,9,13 | Tackles: 18,24,15,10,11,16,11,14,11 | Cards: 1,0,3,1,1,3,2,2,2 | Saves: 3,2,1,3,3,2,1,1,3 | GKicks: 7,7,4,9,8,16,3,10,14 | Corners: 5,6,6,2,5,3,10,9,3
Brentford: SOT: 8,7,1,8,3,4,4,2,3 | Shots: 17,22,6,10,8,7,7,9,10 | Fouls: 7,10,10,14,13,13,12,11,15 | Tackles: 15,11,16,14,13,17,9,28,20 | Cards: 3,1,3,2,1,3,2,1,2 | Saves: 3,1,3,5,2,4,1,2,2 | GKicks: 7,8,3,9,6,7,13,7,5 | Corners: 5,10,3,4,10,5,4,2,5
Brighton & Hove Albion: SOT: 5,5,6,3,4,2,7,4,4 | Shots: 17,13,17,12,12,6,12,13,10 | Fouls: 13,9,9,16,10,10,16,15,16 | Tackles: 18,21,19,21,25,20,17,17,19 | Cards: 2,0,4,5,1,4,2,3,3 | Saves: 5,2,3,2,2,3,2,1,1 | GKicks: 7,12,3,5,14,6,11,9,8 | Corners: 6,8,8,7,2,4,3,2,4
Burnley: SOT: 7,3,2,2,5,0,3,2,4 | Shots: 11,4,5,9,12,3,6,7,14 | Fouls: 7,10,15,7,12,9,9,9,8 | Tackles: 19,14,27,20,11,16,20,22,6 | Cards: 0,2,1,3,1,3,5,0,0 | Saves: 5,4,5,5,7,3,5,1,3 | GKicks: 10,11,8,11,5,21,18,10,13 | Corners: 3,1,4,2,4,1,1,4,5
Chelsea: SOT: 7,6,6,3,1,6,6,7,3 | Shots: 16,17,12,13,5,16,13,12,19 | Fouls: 15,16,9,9,14,9,11,10,10 | Tackles: 8,15,21,21,16,15,19,19,13 | Cards: 1,5,0,4,6,2,2,1,2 | Saves: 2,2,1,0,2,3,1,3,4 | GKicks: 4,14,12,11,6,2,7,7,7 | Corners: 9,2,7,5,5,6,6,5,11
Crystal Palace: SOT: 1,7,8,7,3,6,4,4,4 | Shots: 7,20,15,16,18,14,6,8,11 | Fouls: 11,8,16,10,5,10,14,11,12 | Tackles: 16,23,31,24,22,10,26,20,16 | Cards: 0,1,3,1,3,1,3,3,3 | Saves: 2,2,5,3,2,0,4,0,2 | GKicks: 6,4,5,16,10,8,10,11,14 | Corners: 3,6,4,2,8,5,1,1,2
Everton: SOT: 2,1,7,6,2,2,4,3,1 | Shots: 12,5,14,12,9,20,10,11,7 | Fouls: 9,14,13,7,10,17,10,7,8 | Tackles: 19,18,19,11,18,23,16,15,16 | Cards: 2,2,2,3,3,3,1,4,2 | Saves: 1,5,5,2,1,1,2,4,2 | GKicks: 3,9,4,7,9,6,10,7,13 | Corners: 9,3,2,3,4,10,2,2,2
Fulham: SOT: 5,0,4,4,3,3,3,4,2 | Shots: 12,9,12,11,14,5,11,13,7 | Fouls: 18,11,10,13,11,20,17,12,15 | Tackles: 19,20,11,16,19,24,29,10,15 | Cards: 2,0,1,4,4,1,2,1,3 | Saves: 5,4,3,1,2,3,4,3,3 | GKicks: 8,11,14,4,5,7,8,9,10 | Corners: 3,6,3,8,2,3,4,9,3
Leeds United: SOT: 5,4,4,8,4,3,1,1,3 | Shots: 13,19,16,19,6,10,10,3,21 | Fouls: 12,7,10,12,9,15,10,11,6 | Tackles: 21,13,19,27,20,18,18,18,15 | Cards: 3,1,2,2,1,2,1,2,0 | Saves: 2,1,1,3,5,3,2,0,1 | GKicks: 8,3,9,11,7,6,11,12,4 | Corners: 3,5,4,7,0,3,5,2,7
Liverpool: SOT: 5,6,2,4,3,4,3,4,10 | Shots: 18,19,12,20,11,27,9,5,19 | Fouls: 10,8,8,8,11,9,7,15,7 | Tackles: 21,13,16,7,18,10,11,13,16 | Cards: 2,0,2,3,2,2,2,3,1 | Saves: 5,2,4,5,1,0,1,1,1 | GKicks: 10,7,10,8,6,6,7,6,4 | Corners: 4,9,2,6,5,13,3,1,6
Manchester City: SOT: 4,7,4,8,3,6,3,4,4 | Shots: 18,19,10,21,5,13,12,10,15 | Fouls: 16,8,6,5,10,8,14,7,7 | Tackles: 14,15,14,8,13,13,15,20,18 | Cards: 4,0,2,1,2,0,2,1,2 | Saves: 2,1,1,1,2,2,5,3,3 | GKicks: 3,3,8,4,8,8,7,10,3 | Corners: 6,11,2,10,1,2,2,7,5
Manchester United: SOT: 9,4,6,6,4,2,6,3,7 | Shots: 13,12,15,14,11,12,26,10,22 | Fouls: 4,14,10,10,13,8,9,10,10 | Tackles: 21,15,17,16,21,23,16,17,22 | Cards: 2,2,1,2,3,0,1,1,1 | Saves: 3,5,3,5,0,3,1,2,2 | GKicks: 12,18,8,3,2,5,4,9,5 | Corners: 1,4,2,2,5,4,7,6,3
Newcastle United: SOT: 7,3,9,3,1,4,2,3,3 | Shots: 18,16,18,8,4,16,8,10,16 | Fouls: 11,8,16,8,10,10,15,17,11 | Tackles: 14,17,16,12,19,10,10,12,10 | Cards: 0,1,0,2,1,1,1,3,1 | Saves: 4,3,4,5,2,3,1,1,3 | GKicks: 5,5,4,7,7,8,8,5,3 | Corners: 4,4,8,7,2,9,5,7,6
Nottingham Forest: SOT: 4,2,4,6,8,1,3,1,5 | Shots: 8,12,5,22,17,5,11,9,11 | Fouls: 7,13,15,11,11,11,14,11,7 | Tackles: 19,19,13,16,11,12,19,12,12 | Cards: 1,2,4,4,1,1,0,3,1 | Saves: 3,3,7,2,4,2,5,3,2 | GKicks: 7,9,8,4,6,11,5,10,6 | Corners: 4,5,1,7,5,3,9,3,5
Sunderland: SOT: 4,2,3,3,4,0,3,1,5 | Shots: 10,8,8,11,14,6,12,9,10 | Fouls: 13,5,12,6,14,8,11,5,8 | Tackles: 14,14,21,10,20,13,28,18,14 | Cards: 1,0,4,2,3,1,3,1,0 | Saves: 6,3,4,6,1,6,3,0,4 | GKicks: 8,16,7,12,13,7,5,8,6 | Corners: 1,2,3,4,6,3,3,3,5
Tottenham Hotspur: SOT: 4,3,3,3,3,5,1,5,6 | Shots: 7,10,9,10,11,14,5,12,16 | Fouls: 8,11,12,9,13,7,17,12,14 | Tackles: 20,25,15,17,26,16,16,24,12 | Cards: 0,2,3,3,2,1,2,4,0 | Saves: 2,0,3,2,2,4,5,4,4 | GKicks: 9,6,18,6,9,6,10,11,9 | Corners: 8,6,1,10,10,13,0,2,6
West Ham United: SOT: 3,1,0,3,3,4,8,4,4 | Shots: 9,7,4,14,8,7,12,12,12 | Fouls: 11,10,14,16,15,8,6,7,10 | Tackles: 12,16,17,16,9,13,16,11,12 | Cards: 3,1,2,4,3,1,0,0,1 | Saves: 3,4,3,5,1,2,3,2,2 | GKicks: 5,9,7,9,11,9,12,4,6 | Corners: 4,6,3,5,8,2,7,7,7
Wolverhampton Wanderers: SOT: 7,3,3,3,6,3,4,1,3 | Shots: 15,16,6,9,16,8,12,6,9 | Fouls: 12,12,13,11,11,17,15,16,13 | Tackles: 14,15,26,31,28,16,23,21,25 | Cards: 1,0,2,2,1,4,0,5,1 | Saves: 4,1,5,2,1,3,1,3,0 | GKicks: 3,7,11,6,5,8,4,6,9 | Corners: 4,2,2,9,4,4,2,3,4

===== League 9 =====
Birmingham City: SOT: 1,2,8,3,5,0,7,0,1,1 | Shots: 13,9,29,8,20,5,23,7,11,16 | Fouls: 6,14,7,8,15,12,13,11,16,11 | Tackles: 8,16,11,16,7,6,8,14,21,26 | Cards: 1,5,5,2,3,5,5,1,3,0 | Saves: 0,5,5,3,1,3,2,2,0,1 | GKicks: 8,15,10,4,4,10,7,7,5,5 | Corners: 6,3,9,5,10,4,7,3,7,4
Blackburn Rovers: SOT: 5,6,3,3,5,3,2,5,3,6 | Shots: 9,18,12,17,17,14,9,14,12,14 | Fouls: 12,13,6,15,5,15,11,14,9,19 | Tackles: 22,19,19,16,12,12,26,33,18,19 | Cards: 1,2,1,2,2,3,2,2,3,3 | Saves: 1,4,3,3,5,2,4,1,2,3 | GKicks: 7,6,5,6,9,4,7,13,10,6 | Corners: 4,6,5,7,7,7,3,7,3,1
Bristol City: SOT: 1,4,6,1,3,7,2,4,5,3 | Shots: 5,13,21,11,13,19,12,9,29,11 | Fouls: 9,10,14,9,14,10,15,9,7,5 | Tackles: 16,17,21,10,24,9,12,17,19,14 | Cards: 2,1,3,5,4,1,4,0,1,0 | Saves: 0,6,4,0,2,2,3,0,7,1 | GKicks: 14,8,8,3,8,8,6,6,5,4 | Corners: 0,2,9,4,3,8,8,1,8,5
Charlton Athletic: SOT: 5,8,5,0,3,7,4,3,3,7 | Shots: 11,15,12,8,11,16,13,14,13,20 | Fouls: 9,11,9,9,10,15,18,12,7,18 | Tackles: 8,13,17,24,19,16,13,13,8,22 | Cards: 1,3,1,2,0,4,3,4,2,2 | Saves: 4,6,3,1,2,2,1,2,3,1 | GKicks: 5,15,9,19,10,8,7,5,9,6 | Corners: 2,3,2,4,2,3,1,3,2,13
Coventry City: SOT: 5,3,7,5,10,5,5,3,4,6 | Shots: 18,12,19,14,21,13,14,11,28,15 | Fouls: 10,10,12,7,3,9,11,11,12,10 | Tackles: 19,19,12,16,20,10,16,18,9,6 | Cards: 1,3,1,0,1,2,1,3,2,2 | Saves: 3,6,4,3,0,3,0,9,0,1 | GKicks: 8,4,10,10,5,13,5,5,3,13 | Corners: 6,5,5,2,8,3,3,3,11,5
Derby County: SOT: 4,3,1,5,3,3,2,1,2,2 | Shots: 12,8,6,9,18,5,7,4,10,5 | Fouls: 13,13,12,11,11,16,10,10,14,15 | Tackles: 15,6,16,17,19,13,15,13,20,14 | Cards: 2,2,1,4,2,5,2,2,7,3 | Saves: 1,3,6,5,2,4,5,4,4,2 | GKicks: 7,6,10,8,6,8,4,12,11,5 | Corners: 5,5,12,3,5,3,3,0,3,4
Hull City: SOT: 4,4,6,7,2,5,4,4,6,9 | Shots: 9,15,9,14,5,10,11,11,15,20 | Fouls: 12,8,8,14,13,11,16,15,5,8 | Tackles: 20,11,27,15,14,11,16,16,17,15 | Cards: 2,2,1,7,2,0,5,5,1,1 | Saves: 3,4,2,6,2,3,5,3,0,1 | GKicks: 15,7,15,10,9,8,9,10,9,10 | Corners: 4,6,1,7,4,5,6,1,2,5
Ipswich Town: SOT: 4,5,5,9,3,5,11,5,2,1 | Shots: 15,31,17,19,15,14,21,18,15,14 | Fouls: 12,7,14,9,11,15,11,14,5,7 | Tackles: 12,7,9,11,12,14,15,9,15,12 | Cards: 1,0,1,1,2,1,0,2,2,2 | Saves: 1,5,4,3,2,2,2,0,0,2 | GKicks: 5,8,7,6,10,2,10,5,7,7 | Corners: 4,16,9,8,6,5,3,6,6,4
Leicester City: SOT: 1,3,4,6,7,1,1,9,5,2 | Shots: 12,12,18,19,17,16,13,17,8,5 | Fouls: 9,8,12,15,11,9,16,8,11,11 | Tackles: 13,14,19,12,18,10,8,13,16,20 | Cards: 0,2,2,1,1,3,5,0,3,3 | Saves: 4,3,4,2,6,0,4,3,1,1 | GKicks: 6,9,6,5,8,8,8,12,10,7 | Corners: 7,9,7,14,5,7,3,10,4,1
Middlesbrough: SOT: 4,7,5,1,4,1,4,3,6,4 | Shots: 14,19,15,12,12,7,9,14,15,11 | Fouls: 8,4,12,6,8,17,3,7,5,14 | Tackles: 21,15,8,16,17,19,15,21,20,22 | Cards: 0,1,3,1,2,6,0,3,0,3 | Saves: 1,4,3,0,5,1,2,0,0,2 | GKicks: 1,8,9,5,7,5,11,5,9,8 | Corners: 4,5,5,8,5,3,2,4,5,3
Millwall: SOT: 4,7,5,4,3,4,2,3,2,6 | Shots: 9,15,5,11,13,11,9,15,21,17 | Fouls: 12,13,11,17,9,20,11,18,10,16 | Tackles: 28,12,24,21,19,22,23,15,13,12 | Cards: 1,2,4,1,2,2,1,1,1,2 | Saves: 3,3,2,1,1,1,4,2,1,2 | GKicks: 10,13,12,11,5,9,7,8,4,12 | Corners: 5,3,3,4,3,4,7,4,5,7
Norwich City: SOT: 3,3,3,4,4,5,3,5,1,4 | Shots: 15,7,17,11,12,16,6,14,4,15 | Fouls: 8,12,7,11,15,8,9,6,7,7 | Tackles: 12,15,13,13,16,18,30,15,17,13 | Cards: 1,1,1,2,3,1,3,1,6,0 | Saves: 2,1,2,4,6,0,4,5,3,3 | GKicks: 9,4,3,6,9,3,12,6,15,10 | Corners: 6,3,13,3,8,4,1,2,2,9
Oxford United: SOT: 4,2,7,5,0,3,6,2,3,1 | Shots: 11,6,19,15,9,14,18,19,14,6 | Fouls: 11,12,9,9,11,10,14,10,13,17 | Tackles: 22,22,13,16,25,24,17,11,15,24 | Cards: 0,1,4,4,1,1,1,1,1,0 | Saves: 4,5,1,9,1,1,1,3,4,0 | GKicks: 7,3,4,14,8,5,7,5,14,11 | Corners: 3,3,4,3,1,3,5,4,0,1
Portsmouth: SOT: 3,5,3,1,5,3,5,1,2,4 | Shots: 14,15,8,8,15,7,25,10,10,8 | Fouls: 8,5,9,13,9,11,5,14,11,16 | Tackles: 9,8,13,14,12,14,5,14,17,18 | Cards: 2,1,2,2,2,2,1,2,1,5 | Saves: 2,3,5,1,4,3,6,1,2,2 | GKicks: 14,13,13,13,6,11,8,5,12,5 | Corners: 6,6,4,2,3,4,11,5,6,3
Preston North End: SOT: 3,6,5,3,5,2,6,2,2,1 | Shots: 15,17,17,15,13,7,10,7,13,2 | Fouls: 14,8,0,6,9,9,7,13,7,14 | Tackles: 19,15,13,14,7,15,12,28,15,22 | Cards: 4,2,1,0,1,4,2,1,2,6 | Saves: 1,0,4,0,3,8,2,1,1,2 | GKicks: 8,8,7,11,7,15,9,11,10,12 | Corners: 2,9,4,3,3,2,4,3,4,3
Queens Park Rangers: SOT: 1,4,3,2,1,5,7,6,6,1 | Shots: 6,15,20,8,13,14,14,15,13,10 | Fouls: 10,9,8,8,12,19,8,10,16,8 | Tackles: 27,10,9,11,22,12,17,10,19,19 | Cards: 2,4,2,1,3,2,5,0,2,2 | Saves: 3,2,3,0,0,4,0,6,2,1 | GKicks: 8,6,9,10,9,9,15,8,13,9 | Corners: 2,3,8,1,9,4,3,9,1,4
Sheffield United: SOT: 3,5,6,4,3,2,1,2,0,4 | Shots: 11,11,18,13,8,6,13,10,8,14 | Fouls: 11,10,5,13,14,13,14,15,13,11 | Tackles: 17,11,18,14,14,19,12,15,10,12 | Cards: 1,1,0,2,3,1,1,2,3,5 | Saves: 1,2,1,1,3,3,3,6,5,5 | GKicks: 11,14,11,2,3,10,9,7,13,11 | Corners: 4,5,7,9,4,5,6,5,8,8
Sheffield Wednesday: SOT: 2,5,3,4,0,3,5,8,0,1 | Shots: 5,17,11,12,9,5,14,13,6,9 | Fouls: 14,11,8,12,9,11,12,10,19,14 | Tackles: 17,15,14,16,12,11,13,22,25,9 | Cards: 1,0,3,3,1,2,2,4,2,0 | Saves: 7,2,6,3,4,3,3,4,2,6 | GKicks: 7,9,11,10,6,20,8,13,8,10 | Corners: 3,8,6,4,13,4,5,5,4,2
Southampton: SOT: 5,7,8,6,5,2,4,1,7,2 | Shots: 12,14,21,13,12,14,14,9,12,18 | Fouls: 7,11,12,9,19,11,10,16,12,6 | Tackles: 17,16,17,9,14,25,10,6,15,13 | Cards: 2,2,0,2,4,1,3,4,5,1 | Saves: 5,1,1,4,2,0,1,1,2,2 | GKicks: 15,7,6,4,8,6,9,6,8,9 | Corners: 5,3,5,5,5,6,6,7,5,7
Stoke City: SOT: 2,3,3,6,5,6,1,3,3,4 | Shots: 11,10,12,11,18,23,7,8,13,12 | Fouls: 15,7,8,9,5,11,13,11,7,12 | Tackles: 5,8,19,8,19,17,15,14,15,9 | Cards: 3,1,2,1,0,0,3,3,2,6 | Saves: 3,5,3,4,4,2,6,0,2,1 | GKicks: 13,7,5,8,6,2,8,8,11,15 | Corners: 2,2,6,6,8,12,6,5,5,3
Swansea City: SOT: 3,2,1,7,4,2,2,2,8,2 | Shots: 9,11,6,13,7,13,9,9,17,11 | Fouls: 13,8,13,10,13,7,11,8,10,11 | Tackles: 11,20,15,18,9,16,13,14,11,21 | Cards: 3,2,4,2,2,1,4,1,2,3 | Saves: 2,3,8,4,2,2,5,4,1,3 | GKicks: 7,8,13,6,9,6,9,6,6,6 | Corners: 2,6,3,2,3,6,2,5,7,7
Watford: SOT: 8,5,1,10,6,8,4,1,4,4 | Shots: 13,18,13,27,12,21,11,14,10,9 | Fouls: 8,12,8,6,15,7,9,12,14,17 | Tackles: 17,18,12,16,15,13,20,14,11,15 | Cards: 3,0,1,3,5,1,0,1,2,5 | Saves: 0,4,4,5,3,3,1,4,5,1 | GKicks: 6,9,9,11,12,10,8,9,8,10 | Corners: 6,4,3,9,3,6,4,5,4,2
West Bromwich Albion: SOT: 6,1,4,6,1,1,5,3,4,3 | Shots: 13,10,9,16,10,5,11,15,18,12 | Fouls: 17,8,8,10,8,9,13,7,8,11 | Tackles: 12,26,18,12,16,15,14,13,9,21 | Cards: 1,1,2,2,2,4,2,0,1,2 | Saves: 2,3,3,4,1,4,1,2,0,3 | GKicks: 3,18,14,14,6,10,13,10,5,7 | Corners: 8,5,4,8,5,3,3,3,11,5
Wrexham: SOT: 7,2,6,3,4,1,5,8,8,3 | Shots: 13,6,11,5,12,9,10,11,21,6 | Fouls: 9,17,12,4,4,7,9,9,5,13 | Tackles: 11,23,10,16,17,18,20,23,20,14 | Cards: 2,5,4,0,0,1,1,3,1,3 | Saves: 3,3,2,2,2,0,2,3,4,3 | GKicks: 9,7,10,8,3,15,9,9,9,20 | Corners: 3,4,6,4,5,1,4,3,12,2

===== League 82 =====
Bayer 04 Leverkusen: SOT: 4,8,3,4,9,8,4,2 | Shots: 19,20,20,5,13,18,10,7 | Fouls: 9,11,11,11,12,10,10,9 | Tackles: 11,16,13,14,14,25,12,7 | Cards: 1,4,1,5,5,7,3,0 | Saves: 3,1,3,4,6,1,2,3 | GKicks: 3,9,7,9,6,16,9,5 | Corners: 2,3,4,1,3,4,7,6
Borussia Dortmund: SOT: 1,9,1,3,4,4,8,6,7 | Shots: 5,27,8,15,10,12,17,11,8 | Fouls: 16,10,17,13,14,10,9,14,12 | Tackles: 21,14,18,15,8,9,9,10,10 | Cards: 1,2,3,1,1,1,3,0,4 | Saves: 1,1,6,2,2,0,1,3,4 | GKicks: 5,4,9,6,6,6,4,8,5 | Corners: 3,17,3,7,5,9,4,4,2
Borussia Mönchengladbach: SOT: 0,2,5,8,7,3,6,4 | Shots: 1,8,9,11,13,19,15,17 | Fouls: 6,15,15,14,15,12,13,10 | Tackles: 19,21,21,14,24,20,20,15 | Cards: 1,3,3,1,5,1,1,2 | Saves: 7,2,1,1,7,3,4,1 | GKicks: 11,10,12,7,4,7,7,6 | Corners: 1,6,4,4,4,9,10,7
Eintracht Frankfurt: SOT: 6,3,1,7,10,2,6,5 | Shots: 10,8,6,21,19,13,9,18 | Fouls: 11,15,11,8,10,9,10,9 | Tackles: 16,25,21,14,12,13,15,21 | Cards: 0,3,1,2,3,3,3,1 | Saves: 1,3,0,4,1,4,4,4 | GKicks: 8,8,6,5,7,13,13,7 | Corners: 1,1,4,6,5,8,5,7
FC Augsburg: SOT: 1,2,4,5,2,5,5,3,5 | Shots: 9,15,10,10,8,18,10,10,14 | Fouls: 14,9,17,9,20,13,12,14,18 | Tackles: 16,20,15,10,12,15,17,21,15 | Cards: 4,3,2,2,6,1,4,3,5 | Saves: 0,2,1,3,3,0,5,7,3 | GKicks: 8,3,10,13,10,6,5,7,10 | Corners: 4,2,2,10,2,6,1,7,5
FC Bayern München: SOT: 11,7,3,13,10,12,10,10 | Shots: 27,15,12,26,18,22,20,19 | Fouls: 9,12,11,9,9,11,11,13 | Tackles: 7,11,10,13,17,8,14,13 | Cards: 3,1,2,2,2,2,4,4 | Saves: 0,0,1,3,3,2,1,1 | GKicks: 1,5,7,7,5,7,5,5 | Corners: 8,4,3,7,5,5,5,5
FC Köln: SOT: 0,2,4,7,2,8,6,2 | Shots: 5,9,10,15,13,14,18,12 | Fouls: 8,9,6,12,8,11,12,9 | Tackles: 20,17,13,9,12,12,9,10 | Cards: 2,2,1,2,1,3,2,2 | Saves: 8,3,4,3,5,3,1,2 | GKicks: 17,4,14,11,7,10,9,13 | Corners: 2,5,6,8,5,4,3,3
FC Union Berlin: SOT: 2,5,3,2,5,7,3,2 | Shots: 12,16,10,11,11,20,12,8 | Fouls: 13,21,13,18,11,13,7,21 | Tackles: 18,14,15,12,17,15,12,16 | Cards: 0,5,3,2,2,1,0,4 | Saves: 2,1,1,6,7,4,3,5 | GKicks: 11,5,11,6,15,1,8,9 | Corners: 6,6,4,5,1,9,6,5
FSV Mainz 05: SOT: 2,4,4,2,4,2,3,2 | Shots: 13,12,11,8,12,13,17,19 | Fouls: 12,19,13,12,10,12,14,7 | Tackles: 10,10,10,17,12,14,13,10 | Cards: 3,4,3,3,3,1,5,1 | Saves: 6,3,5,2,4,2,2,1 | GKicks: 8,7,6,8,7,8,6,9 | Corners: 5,2,4,7,6,3,10,8
Hamburger SV: SOT: 6,3,9,6,9,2,2,2 | Shots: 27,15,15,16,22,9,5,7 | Fouls: 8,12,14,17,15,14,13,10 | Tackles: 13,18,20,14,9,10,14,13 | Cards: 1,1,2,3,5,2,4,1 | Saves: 1,2,4,2,6,7,4,4 | GKicks: 6,7,5,8,9,6,9,10 | Corners: 11,5,1,3,1,3,2,6
Heidenheim: SOT: 3,11,1,5,8,1,3,2 | Shots: 12,31,5,11,20,6,5,7 | Fouls: 13,9,12,16,10,5,13,12 | Tackles: 17,12,9,21,14,11,16,12 | Cards: 1,1,1,1,1,3,5,2 | Saves: 4,2,5,1,7,6,4,2 | GKicks: 4,6,16,6,8,11,17,11 | Corners: 5,12,1,3,12,5,3,2
RB Leipzig: SOT: 8,4,3,6,8,3,5,1 | Shots: 15,10,13,20,18,19,19,12 | Fouls: 10,13,14,9,10,11,7,13 | Tackles: 17,12,29,16,12,16,11,18 | Cards: 1,3,3,2,1,0,2,1 | Saves: 2,2,2,4,0,2,4,3 | GKicks: 13,11,9,14,5,13,5,7 | Corners: 3,3,7,11,9,5,4,5
SC Freiburg: SOT: 3,5,1,1,5,6,2,4 | Shots: 10,12,12,6,10,14,12,16 | Fouls: 8,6,7,9,7,8,9,14 | Tackles: 22,16,17,13,17,12,8,13 | Cards: 3,2,1,2,2,1,1,4 | Saves: 2,1,5,3,5,1,2,2 | GKicks: 12,2,5,5,10,5,7,3 | Corners: 3,3,1,6,0,7,5,5
St. Pauli: SOT: 1,2,3,6,2,7,6,7 | Shots: 9,10,13,13,9,13,17,11 | Fouls: 6,10,9,13,15,10,19,13 | Tackles: 17,20,16,13,15,21,26,20 | Cards: 1,1,1,3,2,1,3,2 | Saves: 4,3,4,2,6,4,2,4 | GKicks: 4,8,3,2,5,8,5,4 | Corners: 3,9,0,13,4,3,5,5
TSG Hoffenheim: SOT: 7,5,4,4,4,8,5,5 | Shots: 14,14,15,15,13,9,17,10 | Fouls: 14,17,15,15,17,12,14,17 | Tackles: 7,14,16,11,26,21,16,15 | Cards: 1,3,3,1,1,1,2,4 | Saves: 2,2,3,0,6,5,3,2 | GKicks: 6,6,8,7,5,7,6,6 | Corners: 7,7,11,8,5,2,4,4
VfB Stuttgart: SOT: 8,7,6,5,8,2,5,6 | Shots: 19,15,18,15,17,7,13,21 | Fouls: 11,8,11,12,13,13,5,13 | Tackles: 15,16,15,14,14,10,14,13 | Cards: 4,1,1,2,0,1,2,4 | Saves: 1,3,1,5,3,3,6,0 | GKicks: 7,7,6,4,3,10,7,5 | Corners: 7,8,1,8,8,1,6,11
VfL Wolfsburg: SOT: 2,3,4,4,0,6,3,5 | Shots: 6,11,14,22,9,14,11,15 | Fouls: 18,12,7,7,9,15,15,12 | Tackles: 14,13,24,17,20,13,13,11 | Cards: 5,1,1,2,0,2,4,3 | Saves: 7,4,2,5,3,5,2,1 | GKicks: 19,10,7,9,11,9,9,7 | Corners: 1,3,5,6,3,7,3,5
Werder Bremen: SOT: 3,4,5,3,5,7,5,5 | Shots: 16,11,15,9,12,12,12,10 | Fouls: 6,11,8,4,13,9,11,9 | Tackles: 16,13,22,16,14,25,17,16 | Cards: 4,3,3,0,5,0,5,3 | Saves: 2,9,3,8,3,2,1,1 | GKicks: 10,8,12,12,7,13,3,13 | Corners: 5,2,4,6,2,4,3,1

===== League 301 =====
Angers SCO: SOT: 6,4,3,1,2,2,4,7,0,2 | Shots: 12,7,16,5,11,10,10,10,3,8 | Fouls: 7,14,15,11,13,10,7,9,9,14 | Tackles: 16,16,18,20,8,13,24,15,34,20 | Cards: 1,1,2,2,1,2,1,2,0,3 | Saves: 4,4,3,7,1,4,4,6,3,7 | GKicks: 10,12,10,6,8,9,2,6,13,14 | Corners: 5,1,10,5,11,4,3,1,0,3
Auxerre: SOT: 1,3,4,2,3,1,2,4,8,3 | Shots: 6,14,7,18,12,6,9,14,12,7 | Fouls: 16,21,15,10,10,12,12,11,15,18 | Tackles: 15,8,20,20,25,26,25,9,19,27 | Cards: 1,2,3,3,2,2,4,3,3,3 | Saves: 6,3,5,2,6,3,1,2,4,3 | GKicks: 8,6,14,1,8,8,6,2,7,7 | Corners: 3,13,2,2,5,3,5,9,4,4
Brest: SOT: 2,2,4,5,3,5,8,2,2,5 | Shots: 8,8,8,17,7,11,23,9,16,18 | Fouls: 11,10,15,11,13,17,11,12,10,11 | Tackles: 15,26,21,24,18,20,15,15,25,24 | Cards: 3,1,2,2,1,1,0,4,1,2 | Saves: 2,5,4,0,2,3,2,7,1,3 | GKicks: 5,9,2,9,14,17,3,10,2,4 | Corners: 1,2,2,12,4,2,6,1,9,2
Le Havre: SOT: 3,4,3,2,2,2,1,8,6,4 | Shots: 13,9,8,10,10,13,10,12,18,9 | Fouls: 12,12,12,13,16,20,16,13,17,14 | Tackles: 14,18,10,13,12,15,25,12,14,16 | Cards: 1,2,2,1,2,3,2,1,3,1 | Saves: 2,3,5,1,0,3,5,2,1,1 | GKicks: 7,9,8,4,8,8,5,10,7,9 | Corners: 5,5,1,3,6,6,3,0,7,4
Lens: SOT: 2,5,3,4,2,6,3,10,3,5 | Shots: 10,8,11,7,13,15,11,30,6,18 | Fouls: 15,12,11,21,9,17,8,7,16,13 | Tackles: 14,19,24,16,29,19,25,15,19,12 | Cards: 2,3,2,8,4,1,2,1,1,2 | Saves: 4,2,2,1,2,3,4,1,5,2 | GKicks: 8,5,2,9,11,7,10,5,12,5 | Corners: 5,4,11,2,4,4,3,15,0,12
Lorient: SOT: 2,4,7,3,8,4,1,2,7,3 | Shots: 5,23,12,8,19,8,4,6,22,14 | Fouls: 5,6,10,10,10,15,5,14,18,14 | Tackles: 19,17,11,13,16,16,12,11,7,16 | Cards: 0,0,3,3,2,6,3,3,6,2 | Saves: 7,2,2,0,1,0,4,5,1,2 | GKicks: 8,5,4,7,8,10,7,8,3,4 | Corners: 0,6,5,5,2,2,0,3,3,4
LOSC Lille: SOT: 4,12,5,3,3,3,5,11,1,6 | Shots: 21,23,23,9,14,17,20,20,18,10 | Fouls: 10,18,9,11,20,11,12,18,7,13 | Tackles: 18,20,14,19,7,15,18,14,15,15 | Cards: 3,3,4,1,4,3,2,3,1,1 | Saves: 2,3,2,4,1,3,3,1,2,2 | GKicks: 5,9,9,10,6,10,4,3,5,10 | Corners: 13,7,9,3,3,10,7,8,8,2
Metz: SOT: 7,4,2,1,0,3,5,2,2,0 | Shots: 16,10,2,4,7,8,9,14,11,2 | Fouls: 15,12,11,8,16,6,10,8,15,16 | Tackles: 18,9,19,10,18,23,25,16,15,25 | Cards: 4,2,2,0,2,0,0,2,2,2 | Saves: 2,6,3,6,2,2,4,6,5,2 | GKicks: 8,11,6,11,7,14,7,11,6,5 | Corners: 2,8,1,4,4,5,4,6,3,3
Monaco: SOT: 9,5,4,6,2,6,3,4,1,3 | Shots: 19,14,11,20,5,16,13,12,6,13 | Fouls: 17,15,14,10,11,15,19,13,14,5 | Tackles: 23,23,18,12,15,24,17,23,14,11 | Cards: 7,3,2,1,4,1,6,2,2,0 | Saves: 2,2,2,0,5,1,2,2,0,3 | GKicks: 6,12,4,6,6,5,6,8,13,6 | Corners: 3,2,3,6,4,4,8,6,3,5
Nantes: SOT: 5,3,3,0,2,4,3,3,2,0 | Shots: 18,11,8,6,12,16,14,4,9,5 | Fouls: 13,13,10,12,12,14,14,13,9,6 | Tackles: 16,12,17,13,17,13,12,14,21,23 | Cards: 3,2,1,1,3,3,0,1,2,1 | Saves: 4,2,3,5,5,2,7,4,3,3 | GKicks: 10,8,10,7,9,8,9,6,7,19 | Corners: 1,2,5,3,4,4,4,3,6,2
Nice: SOT: 4,3,4,2,5,4,8,3,6,2 | Shots: 8,8,5,9,11,21,19,7,16,13 | Fouls: 11,22,10,9,14,11,16,16,10,12 | Tackles: 12,14,15,14,15,14,16,11,12,17 | Cards: 3,2,1,4,1,3,2,4,2,2 | Saves: 4,6,5,4,2,1,3,5,7,1 | GKicks: 11,7,8,14,5,4,9,6,3,8 | Corners: 2,3,1,7,5,7,7,5,5,9
Olympique Lyonnais: SOT: 4,3,7,3,2,5,5,6,8,3 | Shots: 7,8,29,13,5,16,8,18,13,11 | Fouls: 16,15,11,13,24,16,13,16,13,20 | Tackles: 20,15,20,11,11,12,18,5,18,17 | Cards: 3,0,2,1,4,2,3,2,0,3 | Saves: 0,1,1,2,3,2,2,2,2,4 | GKicks: 5,6,2,6,9,9,12,1,4,13 | Corners: 2,4,16,8,4,7,4,9,4,8
Olympique Marseille: SOT: 6,3,11,9,9,1,8,2,7,2 | Shots: 11,17,18,21,16,9,15,5,11,24 | Fouls: 11,9,17,7,15,16,18,11,9,11 | Tackles: 16,16,9,13,14,19,14,7,12,15 | Cards: 2,3,2,0,4,3,3,3,1,3 | Saves: 4,4,1,1,0,5,1,4,2,4 | GKicks: 5,6,1,6,6,6,1,8,10,5 | Corners: 1,8,2,4,4,5,10,4,5,12
Paris: SOT: 3,3,3,2,3,6,4,9,4,7 | Shots: 11,14,9,10,13,18,7,24,8,17 | Fouls: 18,10,6,19,14,11,10,4,12,10 | Tackles: 18,18,13,17,16,19,21,7,10,12 | Cards: 7,3,2,0,1,1,4,1,0,1 | Saves: 1,1,1,3,4,0,6,0,2,1 | GKicks: 3,4,10,6,6,6,17,7,4,8 | Corners: 4,8,3,1,5,4,1,14,2,7
Paris Saint Germain: SOT: 8,8,9,5,8,5,6,8,4,4 | Shots: 15,18,21,17,15,12,14,13,21,18 | Fouls: 13,10,9,12,17,7,10,11,3,6 | Tackles: 10,6,21,9,21,17,14,14,19,14 | Cards: 2,1,2,1,1,1,1,0,0,1 | Saves: 1,2,4,2,2,1,3,3,0,0 | GKicks: 5,3,4,4,4,2,7,5,3,8 | Corners: 8,7,4,5,5,3,4,7,12,7
Rennes: SOT: 5,7,7,3,2,4,5,7,1,5 | Shots: 11,19,19,9,14,8,23,15,4,12 | Fouls: 12,13,9,9,16,18,18,11,7,8 | Tackles: 15,13,23,16,17,10,16,17,11,9 | Cards: 3,5,1,2,3,1,2,2,2,3 | Saves: 2,1,2,0,2,2,4,6,3,2 | GKicks: 11,5,4,11,7,10,4,4,13,12 | Corners: 8,7,6,4,8,4,5,7,2,1
Strasbourg: SOT: 9,2,7,12,1,4,7,4,4,4 | Shots: 18,7,12,18,9,8,9,12,15,9 | Fouls: 11,19,11,12,13,10,8,12,11,13 | Tackles: 19,8,20,21,13,14,17,20,19,23 | Cards: 1,5,1,2,2,5,3,2,2,2 | Saves: 1,2,6,1,7,4,1,1,2,0 | GKicks: 6,7,7,5,7,12,11,5,3,3 | Corners: 4,2,1,2,5,2,4,5,7,3
Toulouse: SOT: 4,2,7,3,7,3,4,6,3,2 | Shots: 15,10,16,14,20,13,9,14,6,10 | Fouls: 9,18,14,17,18,20,10,7,14,13 | Tackles: 14,14,13,12,15,25,15,17,18,18 | Cards: 2,4,2,3,2,6,5,1,0,3 | Saves: 3,4,2,2,0,0,3,2,2,2 | GKicks: 4,4,2,10,5,7,5,6,9,11 | Corners: 5,5,5,5,1,4,6,5,3,4

===== League 384 =====
Atalanta: SOT: 3,6,6,4,2,5,8,3,6 | Shots: 17,20,16,16,12,9,19,11,21 | Fouls: 9,8,10,10,7,9,12,15,9 | Tackles: 10,10,14,19,12,16,14,23,12 | Cards: 1,1,4,1,4,0,0,2,2 | Saves: 0,4,1,3,9,5,2,2,2 | GKicks: 4,8,4,5,8,10,5,6,9 | Corners: 9,10,7,8,5,0,8,2,10
Bologna: SOT: 2,3,7,7,5,6,0,2,2 | Shots: 11,6,10,24,14,14,5,15,10 | Fouls: 11,20,19,16,13,12,16,13,13 | Tackles: 18,12,16,17,14,13,13,16,14 | Cards: 2,6,3,0,2,1,2,4,1 | Saves: 2,4,3,0,2,3,2,2,3 | GKicks: 6,10,4,5,6,2,6,5,7 | Corners: 3,6,7,2,9,8,4,7,4
Cagliari: SOT: 1,3,3,2,0,6,5,1,6 | Shots: 8,7,4,8,6,15,12,10,14 | Fouls: 20,12,15,16,13,19,15,12,18 | Tackles: 18,12,12,20,12,20,14,16,12 | Cards: 4,4,1,2,0,3,3,1,4 | Saves: 2,4,5,3,3,4,6,5,0 | GKicks: 5,7,6,21,14,10,10,11,7 | Corners: 3,2,2,2,4,7,4,0,3
Como: SOT: 5,2,6,4,6,7,4,2,6 | Shots: 15,6,12,12,14,19,13,13,19 | Fouls: 11,14,17,19,16,19,13,19,15 | Tackles: 14,19,23,18,15,18,15,16,25 | Cards: 1,1,3,3,4,3,3,3,2 | Saves: 7,3,4,2,1,0,4,1,1 | GKicks: 3,3,11,5,8,10,2,5,6 | Corners: 1,3,4,3,4,6,0,4,6
Cremonese: SOT: 4,5,4,2,2,1,2,6,3 | Shots: 11,9,11,3,9,3,6,11,4 | Fouls: 13,6,15,8,17,16,3,12,14 | Tackles: 22,21,16,10,17,10,8,19,17 | Cards: 1,3,4,1,4,1,1,2,4 | Saves: 1,5,0,5,5,3,9,4,4 | GKicks: 12,12,10,16,14,10,7,6,13 | Corners: 3,2,5,1,3,3,1,5,2
Fiorentina: SOT: 2,7,1,3,2,1,3,4,1 | Shots: 10,19,5,11,14,8,19,16,4 | Fouls: 16,13,10,19,15,16,14,13,14 | Tackles: 14,10,7,12,26,22,13,11,18 | Cards: 3,3,3,2,1,4,1,2,2 | Saves: 5,1,2,2,1,5,5,4,4 | GKicks: 8,3,7,5,10,11,6,4,12 | Corners: 5,5,3,3,6,2,8,3,2
Genoa: SOT: 1,3,7,1,5,4,6,1,2 | Shots: 16,11,23,6,17,7,12,10,5 | Fouls: 16,9,15,15,18,15,17,14,16 | Tackles: 18,14,11,15,12,20,30,21,23 | Cards: 3,2,2,3,5,5,2,1,2 | Saves: 2,5,0,3,2,4,3,2,0 | GKicks: 6,6,6,7,3,6,5,7,8 | Corners: 7,1,3,5,6,2,8,3,3
Hellas Verona: SOT: 9,6,3,9,3,4,9,4,3 | Shots: 13,10,15,17,12,14,20,12,9 | Fouls: 21,16,14,14,19,18,18,19,14 | Tackles: 21,20,22,17,18,23,11,20,22 | Cards: 4,3,2,2,4,3,2,0,2 | Saves: 2,1,0,2,3,3,3,2,4 | GKicks: 9,7,10,5,6,7,5,8,9 | Corners: 3,3,8,4,1,5,10,1,1
Inter: SOT: 8,3,3,9,5,6,4,4,9 | Shots: 22,15,12,27,20,20,18,16,20 | Fouls: 11,10,29,9,14,15,10,17,14 | Tackles: 20,9,23,12,11,18,9,12,14 | Cards: 1,1,3,1,2,2,2,1,0 | Saves: 2,0,5,1,0,4,0,3,4 | GKicks: 4,3,9,5,7,3,3,8,5 | Corners: 8,4,5,13,4,7,9,13,6
Juventus: SOT: 11,5,3,3,10,4,4,3,8 | Shots: 25,14,15,12,24,10,12,13,25 | Fouls: 12,18,15,15,6,10,14,15,9 | Tackles: 14,12,10,5,13,16,17,26,15 | Cards: 1,4,1,2,0,3,2,2,2 | Saves: 1,2,4,4,1,3,1,1,1 | GKicks: 5,5,6,11,8,7,8,8,4 | Corners: 8,5,1,6,14,3,5,4,6
Lazio: SOT: 6,3,1,4,6,2,3,6,1 | Shots: 11,13,4,9,9,10,13,22,5 | Fouls: 12,11,5,13,16,14,11,8,12 | Tackles: 9,9,26,19,16,14,12,9,24 | Cards: 2,2,0,3,1,2,3,0,3 | Saves: 2,5,6,5,5,5,2,4,4 | GKicks: 9,11,8,9,9,5,3,3,11 | Corners: 1,2,1,3,0,3,7,8,0
Lecce: SOT: 2,3,2,3,4,5,3,2,0 | Shots: 7,13,11,7,12,11,12,7,7 | Fouls: 10,12,16,16,13,10,7,10,13 | Tackles: 29,26,13,15,21,17,13,16,15 | Cards: 2,2,2,2,4,2,0,1,3 | Saves: 2,1,2,2,3,4,4,4,2 | GKicks: 9,7,3,13,8,5,12,9,6 | Corners: 3,9,6,9,3,4,2,4,7
Milan: SOT: 1,7,4,4,3,6,3,6,6 | Shots: 6,20,14,13,6,13,14,14,24 | Fouls: 8,8,15,8,7,7,17,8,10 | Tackles: 15,14,21,7,11,17,14,18,8 | Cards: 3,1,3,2,2,0,3,0,1 | Saves: 2,0,1,3,6,4,0,2,1 | GKicks: 8,5,5,11,11,5,3,4,2 | Corners: 4,6,1,0,1,4,7,5,9
Napoli: SOT: 3,3,5,5,7,6,9,6,4 | Shots: 14,7,22,12,19,18,14,20,13 | Fouls: 14,15,9,16,7,10,14,16,17 | Tackles: 23,12,9,13,12,16,14,4,14 | Cards: 1,2,2,1,0,1,0,2,1 | Saves: 2,2,1,0,1,4,2,1,2 | GKicks: 3,13,11,10,5,5,11,9,7 | Corners: 5,1,11,7,7,5,5,13,2
Parma: SOT: 5,3,0,2,2,3,5,3,2 | Shots: 8,10,1,10,13,15,17,7,8 | Fouls: 9,7,12,16,10,8,18,8,13 | Tackles: 17,16,15,14,15,16,20,10,12 | Cards: 4,0,6,1,3,0,1,2,2 | Saves: 4,2,7,2,3,1,3,2,6 | GKicks: 9,7,17,9,6,3,4,5,15 | Corners: 2,3,0,4,4,3,5,1,6
Pisa: SOT: 2,2,0,0,1,6,2,3,2 | Shots: 10,8,7,2,11,15,12,7,11 | Fouls: 16,21,8,12,15,18,13,14,10 | Tackles: 17,20,11,19,29,19,14,22,17 | Cards: 2,3,4,2,0,2,1,2,0 | Saves: 6,5,3,3,2,3,2,4,5 | GKicks: 8,9,7,13,8,4,4,9,13 | Corners: 3,2,3,2,4,3,8,1,4
Roma: SOT: 6,8,5,3,5,6,5,5,4 | Shots: 18,15,15,8,10,13,22,10,14 | Fouls: 8,16,18,21,11,22,11,10,15 | Tackles: 11,14,8,17,16,17,12,16,13 | Cards: 0,2,4,3,0,1,2,1,1 | Saves: 4,1,2,2,3,2,3,3,2 | GKicks: 3,10,10,12,9,10,3,6,7 | Corners: 9,6,4,4,8,6,7,7,2
Sassuolo: SOT: 4,1,2,3,5,5,3,6,2 | Shots: 12,11,9,11,11,9,10,9,7 | Fouls: 21,18,14,12,5,8,15,17,17 | Tackles: 6,19,11,15,13,19,20,11,16 | Cards: 4,3,2,3,0,1,6,2,4 | Saves: 0,7,2,9,4,5,3,3,2 | GKicks: 6,9,17,11,8,9,6,3,5 | Corners: 7,6,4,2,1,3,3,4,1
Torino: SOT: 2,6,2,8,4,5,4,4,4 | Shots: 8,13,12,16,15,11,8,7,12 | Fouls: 20,14,9,22,12,11,17,21,6 | Tackles: 18,16,13,12,16,14,23,7,10 | Cards: 3,2,1,3,3,0,3,2,0 | Saves: 2,2,5,1,1,2,5,3,4 | GKicks: 14,11,12,5,6,3,11,14,7 | Corners: 3,9,3,5,3,1,4,7,5
Udinese: SOT: 2,4,1,4,5,4,3,5,4 | Shots: 8,8,8,23,12,10,13,10,14 | Fouls: 13,12,14,14,22,9,15,5,10 | Tackles: 14,30,22,14,12,13,13,8,13 | Cards: 4,2,2,1,3,2,2,3,3 | Saves: 9,1,2,2,2,4,2,2,2 | GKicks: 10,9,12,4,7,7,13,11,4 | Corners: 4,4,4,7,5,1,6,2,5

===== League 387 =====
Avellino: SOT: 5,5,2,2,6,5,5,3,2,1 | Shots: 13,20,7,11,12,12,12,5,12,3 | Fouls: 15,13,12,7,13,13,8,14,22,15 | Tackles: 13,8,10,24,20,9,13,16,19,14 | Cards: 4,3,3,2,2,1,1,5,2,6 | Saves: 2,6,3,0,12,1,2,3,0,4 | GKicks: 5,10,10,12,8,9,10,10,5,15 | Corners: 4,8,7,3,8,1,3,2,2,2
Bari 1908: SOT: 4,2,5,4,3,0,2,4,3 | Shots: 6,11,15,9,13,8,6,20,11 | Fouls: 24,17,12,11,18,15,12,11,14 | Tackles: 16,22,11,12,9,11,10,13,16 | Cards: 2,2,2,1,2,3,2,2,1 | Saves: 4,5,6,2,2,6,6,1,6 | GKicks: 8,6,6,6,8,11,10,11,7 | Corners: 3,1,7,2,3,1,2,3,3
Calcio Padova: SOT: 2,3,5,7,3,4,5,5,1,4 | Shots: 4,10,10,17,11,13,10,10,11,9 | Fouls: 16,9,16,16,14,12,16,11,15,19 | Tackles: 11,14,24,9,16,19,16,13,19,21 | Cards: 6,2,4,1,2,2,0,1,4,4 | Saves: 4,4,3,3,3,4,2,3,2,1 | GKicks: 7,10,12,10,5,7,10,7,11,6 | Corners: 3,2,4,7,4,3,5,6,2,4
Carrarese: SOT: 3,5,3,6,3,5,6,2,2,6 | Shots: 9,14,11,10,14,9,20,11,16,10 | Fouls: 8,14,14,13,14,15,19,16,17,19 | Tackles: 12,22,16,15,15,20,13,13,7,14 | Cards: 1,5,2,2,2,3,1,3,3,2 | Saves: 1,6,5,2,0,2,0,2,1,1 | GKicks: 7,15,7,11,8,4,2,9,8,8 | Corners: 4,6,4,5,4,3,9,8,4,3
Catanzaro: SOT: 7,3,3,4,7,4,4,3,1,2 | Shots: 19,10,19,10,16,19,18,18,5,7 | Fouls: 18,8,14,9,12,12,9,17,14,8 | Tackles: 14,14,6,14,16,10,17,12,15,11 | Cards: 2,3,3,1,1,2,2,4,3,0 | Saves: 4,4,4,1,3,0,2,2,1,3 | GKicks: 9,13,3,12,5,4,8,10,6,13 | Corners: 5,2,8,3,5,7,3,6,5,1
Cesena: SOT: 3,1,5,2,2,2,6,3,2,9 | Shots: 12,5,12,16,11,13,13,8,12,19 | Fouls: 13,18,20,17,20,14,11,17,15,7 | Tackles: 11,12,14,20,19,9,16,13,17,10 | Cards: 1,2,4,3,1,2,2,2,2,1 | Saves: 2,2,3,0,4,1,2,0,0,3 | GKicks: 7,10,4,4,9,5,10,9,8,9 | Corners: 5,4,4,4,3,2,3,2,8,5
Empoli: SOT: 1,1,7,6,5,4,4,4,2,4 | Shots: 7,6,9,21,12,12,8,12,2,15 | Fouls: 10,16,13,14,12,20,20,21,18,19 | Tackles: 14,13,18,16,17,18,20,14,11,14 | Cards: 4,3,3,2,2,2,2,3,3,2 | Saves: 1,2,3,4,2,3,6,5,3,3 | GKicks: 15,6,11,7,11,5,7,6,5,5 | Corners: 4,5,5,7,4,2,5,2,2,6
Frosinone: SOT: 9,5,2,5,7,9,5,4,4,4 | Shots: 21,16,15,17,17,22,21,13,10,15 | Fouls: 13,19,11,29,13,22,18,16,13,19 | Tackles: 21,18,7,21,14,14,10,7,14,8 | Cards: 1,3,1,4,2,4,2,2,3,4 | Saves: 1,2,8,5,1,8,2,5,2,3 | GKicks: 9,8,8,3,10,12,5,10,7,9 | Corners: 10,8,5,7,7,4,5,4,3,6
Juve Stabia: SOT: 6,3,2,4,2,5,6,4,2 | Shots: 17,11,15,10,4,11,17,17,10 | Fouls: 18,17,19,20,17,25,22,13,14 | Tackles: 6,14,6,17,5,8,17,15,10 | Cards: 2,2,4,2,7,3,4,3,2 | Saves: 1,2,3,5,1,3,1,1,1 | GKicks: 8,6,3,4,10,8,5,4,8 | Corners: 3,6,3,4,0,3,8,6,7
Mantova: SOT: 5,3,8,11,6,9,5,4,7,2 | Shots: 16,14,25,19,15,28,12,15,15,8 | Fouls: 14,16,15,13,16,16,11,5,15,19 | Tackles: 8,6,6,21,11,5,6,6,13,11 | Cards: 1,5,1,3,3,2,3,0,4,3 | Saves: 5,3,0,5,2,4,3,7,2,1 | GKicks: 9,4,8,7,1,8,8,6,9,15 | Corners: 9,2,5,7,4,6,4,4,4,1
Modena: SOT: 1,4,5,7,0,3,5,9,5,4 | Shots: 22,11,17,18,10,15,22,16,22,10 | Fouls: 19,18,11,11,21,15,16,22,14,15 | Tackles: 17,12,17,13,13,19,17,17,10,24 | Cards: 3,3,1,1,4,3,3,1,2,4 | Saves: 1,0,1,3,3,1,4,2,0,3 | GKicks: 6,6,7,5,4,6,5,6,5,6 | Corners: 9,6,5,5,6,4,10,2,7,0
Monza: SOT: 5,9,9,3,3,4,2,2,2,2 | Shots: 12,18,20,13,16,13,7,9,13,16 | Fouls: 19,15,22,17,15,10,14,16,22,21 | Tackles: 20,15,16,11,16,16,12,6,15,17 | Cards: 4,2,3,2,2,1,2,0,4,3 | Saves: 3,1,2,3,4,3,3,1,3,2 | GKicks: 11,1,11,3,4,7,9,4,6,3 | Corners: 6,7,2,5,4,7,2,3,6,9
Palermo: SOT: 2,5,2,3,1,2,9,4,2,14 | Shots: 17,14,10,10,3,10,24,12,13,25 | Fouls: 5,25,15,17,20,14,7,19,18,11 | Tackles: 15,17,13,8,14,9,22,19,9,15 | Cards: 1,3,1,3,6,1,0,3,1,1 | Saves: 2,2,5,6,3,1,0,2,4,2 | GKicks: 7,10,6,8,4,7,9,15,7,3 | Corners: 6,8,3,5,4,1,6,3,6,9
Pescara: SOT: 7,3,8,1,2,2,10,5,1,4 | Shots: 28,11,16,6,9,6,18,16,10,12 | Fouls: 15,8,11,11,10,15,14,18,24,16 | Tackles: 13,10,15,9,17,13,14,11,15,15 | Cards: 1,1,2,2,2,3,1,1,2,1 | Saves: 4,3,1,8,5,1,4,3,5,5 | GKicks: 13,13,7,8,7,11,4,5,5,7 | Corners: 5,5,10,1,5,0,6,7,5,3
Reggiana: SOT: 4,2,2,8,2,4,2,4,1,6 | Shots: 15,8,3,14,6,14,12,12,4,16 | Fouls: 21,16,13,10,12,16,10,14,12,14 | Tackles: 15,18,20,30,27,7,21,9,23,12 | Cards: 3,2,3,3,3,5,0,1,0,0 | Saves: 1,1,6,1,1,1,5,2,5,1 | GKicks: 3,19,6,8,13,6,13,13,14,4 | Corners: 4,1,2,3,0,2,4,3,1,8
Sampdoria: SOT: 2,3,4,12,3,3,3,1,5,3 | Shots: 14,13,14,28,11,14,11,11,18,11 | Fouls: 11,11,14,19,16,15,14,19,18,17 | Tackles: 14,16,14,22,15,13,12,14,14,22 | Cards: 2,0,1,2,0,4,3,4,2,1 | Saves: 0,3,3,0,7,2,1,1,0,2 | GKicks: 6,12,7,5,9,11,8,9,5,7 | Corners: 5,5,5,8,3,2,1,1,5,4
Spezia: SOT: 5,7,4,6,2,2,4,6,1,2 | Shots: 9,23,12,12,3,5,7,13,7,7 | Fouls: 17,19,19,13,9,20,13,20,23,12 | Tackles: 4,19,11,13,8,11,14,14,15,9 | Cards: 1,1,1,1,2,3,0,2,3,6 | Saves: 1,3,3,1,3,1,2,4,1,4 | GKicks: 5,3,3,6,3,10,7,8,6,6 | Corners: 3,6,6,5,5,2,6,7,1,7
Südtirol: SOT: 2,2,1,5,6,9,5,2,3,4 | Shots: 4,14,7,13,13,29,14,16,11,12 | Fouls: 18,16,20,19,20,14,18,18,17,20 | Tackles: 10,15,10,12,21,23,10,17,9,11 | Cards: 2,2,3,3,3,1,2,2,1,2 | Saves: 1,0,7,3,1,1,3,2,4,1 | GKicks: 13,4,8,12,5,5,12,7,14,6 | Corners: 4,8,2,2,2,10,4,7,2,5
Venezia: SOT: 4,8,4,8,3,3,3,5,1,8 | Shots: 17,25,16,17,11,11,17,12,3,20 | Fouls: 9,14,7,18,14,19,17,20,12,13 | Tackles: 12,10,10,11,5,6,22,14,11,11 | Cards: 1,4,1,3,2,1,4,1,2,1 | Saves: 2,2,6,5,1,2,3,3,4,2 | GKicks: 7,8,3,13,7,5,4,7,10,9 | Corners: 1,4,6,3,3,7,2,5,1,6
Virtus Entella: SOT: 1,3,6,3,4,2,3,9,1,2 | Shots: 11,21,17,15,18,10,11,15,9,10 | Fouls: 15,12,16,17,22,18,19,21,9,14 | Tackles: 26,14,8,13,16,10,12,14,13,9 | Cards: 0,2,3,0,6,2,6,3,3,2 | Saves: 5,2,3,5,2,3,3,3,1,1 | GKicks: 12,8,7,8,4,5,7,8,8,4 | Corners: 3,11,12,3,4,8,8,7,2,5

===== League 564 =====
Athletic Club: SOT: 4,1,5,4,5,5,3,6,4,3 | Shots: 7,4,18,16,17,11,12,15,11,14 | Fouls: 15,13,16,11,19,6,17,16,13,8 | Tackles: 13,13,8,12,18,14,20,15,14,11 | Cards: 2,3,4,0,0,2,2,5,0,0 | Saves: 3,5,1,4,2,3,2,1,1,4 | GKicks: 3,6,5,9,3,7,1,7,6,5 | Corners: 1,2,7,5,8,6,6,10,3,10
Atlético Madrid: SOT: 4,9,1,7,8,7,3,6,6,4 | Shots: 9,18,6,13,20,12,8,15,13,15 | Fouls: 18,10,10,17,6,6,12,17,14,11 | Tackles: 29,16,14,14,12,10,11,19,20,11 | Cards: 1,1,4,5,3,1,2,3,0,3 | Saves: 5,2,3,0,1,2,1,1,1,3 | GKicks: 12,5,14,7,9,6,10,9,5,6 | Corners: 5,4,3,7,8,6,8,6,10,3
Celta de Vigo: SOT: 5,1,4,2,5,7,2,5,2,3 | Shots: 11,4,18,8,9,21,10,14,8,11 | Fouls: 13,10,7,20,10,7,11,13,12,15 | Tackles: 9,15,18,23,13,15,19,17,11,23 | Cards: 4,5,1,3,1,0,1,1,3,3 | Saves: 5,6,1,6,4,7,2,0,3,1 | GKicks: 11,11,5,6,13,4,8,5,9,5 | Corners: 2,1,6,2,7,10,1,10,4,9
Deportivo Alavés: SOT: 2,3,5,3,4,5,2,2,5,4 | Shots: 12,13,25,12,10,8,4,5,11,15 | Fouls: 11,13,13,18,20,20,21,10,17,15 | Tackles: 27,10,20,26,15,21,20,14,23,15 | Cards: 3,1,3,3,3,1,4,2,3,0 | Saves: 4,2,2,1,0,1,3,5,5,2 | GKicks: 11,4,0,7,6,6,12,14,9,5 | Corners: 5,7,14,8,7,4,6,1,2,10
Elche: SOT: 4,5,3,8,4,5,2,5,2,2 | Shots: 13,15,6,17,12,15,5,16,6,6 | Fouls: 15,8,9,12,13,9,19,14,7,14 | Tackles: 14,12,18,16,15,18,25,13,19,13 | Cards: 2,2,2,3,2,2,3,1,3,0 | Saves: 6,1,2,1,1,4,1,1,5,3 | GKicks: 8,9,10,4,5,6,3,8,10,5 | Corners: 2,6,4,7,3,3,2,4,2,1
Espanyol: SOT: 7,10,5,5,10,1,3,4,3,5 | Shots: 16,19,14,20,21,8,9,10,14,9 | Fouls: 14,8,16,11,9,20,9,13,18,14 | Tackles: 16,11,14,20,7,21,11,16,21,10 | Cards: 4,1,2,1,1,0,3,2,2,3 | Saves: 4,4,1,3,0,3,8,3,5,3 | GKicks: 5,8,6,4,3,7,7,8,10,8 | Corners: 4,5,10,4,8,3,3,2,2,1
FC Barcelona: SOT: 6,9,8,12,10,7,10,3,10,8 | Shots: 15,27,17,22,22,16,24,12,26,24 | Fouls: 9,10,9,6,6,9,9,8,8,17 | Tackles: 20,20,19,12,18,12,17,18,11,15 | Cards: 6,2,5,1,0,2,0,1,1,1 | Saves: 9,3,1,1,2,2,1,5,3,1 | GKicks: 8,6,6,4,2,4,2,5,2,4 | Corners: 4,11,6,12,9,3,5,4,11,6
Getafe: SOT: 4,3,1,2,4,1,2,3,1,6 | Shots: 12,8,7,6,11,7,3,10,11,9 | Fouls: 17,14,27,14,15,14,16,12,7,24 | Tackles: 18,23,19,16,19,25,22,16,16,16 | Cards: 1,3,6,4,4,2,4,2,0,2 | Saves: 3,4,9,2,2,4,4,1,1,3 | GKicks: 5,5,10,8,15,4,8,3,3,11 | Corners: 8,5,1,6,6,2,2,4,6,3
Girona: SOT: 4,6,4,4,3,3,1,8,5,2 | Shots: 8,8,11,4,12,6,7,13,20,5 | Fouls: 15,13,7,13,9,15,11,9,5,9 | Tackles: 16,12,11,10,6,10,16,16,15,18 | Cards: 1,4,2,6,0,2,6,3,0,2 | Saves: 2,2,7,5,5,4,2,6,2,2 | GKicks: 8,4,20,8,10,13,4,16,6,10 | Corners: 3,11,5,0,8,1,5,3,11,1
Levante: SOT: 5,4,5,3,2,7,2,1,5,3 | Shots: 13,17,14,11,11,14,5,11,8,7 | Fouls: 13,6,10,16,17,17,16,17,10,13 | Tackles: 22,16,14,18,19,15,13,13,31,16 | Cards: 2,0,2,3,1,3,4,2,3,1 | Saves: 4,1,2,3,6,1,7,3,9,2 | GKicks: 13,5,10,11,9,5,12,10,10,16 | Corners: 4,11,3,2,1,4,4,2,0,1
Mallorca: SOT: 4,6,2,3,3,3,10,5,4,1 | Shots: 20,7,6,12,7,8,24,9,12,4 | Fouls: 8,13,13,14,15,14,16,7,12,8 | Tackles: 10,16,18,22,15,13,20,14,9,12 | Cards: 3,1,7,2,2,0,1,0,3,6 | Saves: 4,3,3,3,3,6,0,5,1,5 | GKicks: 4,6,7,8,10,10,6,14,6,9 | Corners: 5,2,2,4,2,3,9,5,3,3
Osasuna: SOT: 7,2,3,1,2,3,7,3,4,0 | Shots: 17,9,7,12,9,6,9,10,16,2 | Fouls: 10,11,11,7,19,11,13,14,14,12 | Tackles: 14,18,10,12,21,20,9,14,13,20 | Cards: 3,3,1,1,2,4,3,3,2,1 | Saves: 2,8,1,4,3,6,6,3,1,4 | GKicks: 4,13,5,6,5,20,15,8,6,11 | Corners: 5,2,1,5,2,0,3,3,3,0
Rayo Vallecano: SOT: 5,5,2,6,3,5,6,6,1,5 | Shots: 15,10,7,18,9,15,19,12,6,16 | Fouls: 13,17,21,11,12,8,7,16,13,17 | Tackles: 18,27,13,14,21,11,13,17,16,27 | Cards: 1,1,2,4,5,1,2,4,4,1 | Saves: 2,4,3,0,5,4,4,2,3,1 | GKicks: 11,7,10,6,11,6,8,11,11,7 | Corners: 7,4,5,12,6,5,6,9,6,4
Real Betis: SOT: 5,3,3,6,6,9,2,2,5,4 | Shots: 17,16,12,12,21,28,9,7,16,12 | Fouls: 9,10,4,6,7,11,9,11,10,13 | Tackles: 20,12,16,13,26,17,25,15,11,18 | Cards: 2,1,6,0,3,2,1,2,2,1 | Saves: 2,2,4,1,4,0,5,4,5,1 | GKicks: 5,9,13,10,5,8,6,6,8,7 | Corners: 2,6,5,5,3,12,4,4,5,3
Real Madrid: SOT: 10,10,7,2,10,5,6,7,10,5 | Shots: 23,23,26,6,24,16,16,17,26,18 | Fouls: 12,11,9,14,9,10,7,12,7,10 | Tackles: 24,17,26,11,22,18,9,13,23,16 | Cards: 6,1,2,4,1,2,2,2,1,1 | Saves: 4,1,1,2,1,1,3,2,3,0 | GKicks: 6,7,5,8,3,3,15,6,4,3 | Corners: 12,4,4,2,7,5,4,4,9,7
Real Oviedo: SOT: 5,4,2,4,3,4,1,1,3,4 | Shots: 10,13,13,10,7,12,5,8,6,5 | Fouls: 16,9,10,12,10,18,18,7,8,8 | Tackles: 20,13,15,17,21,16,20,14,20,11 | Cards: 3,2,2,5,1,2,6,2,2,3 | Saves: 3,8,3,4,7,4,1,6,8,8 | GKicks: 4,7,5,8,5,7,7,10,12,14 | Corners: 4,3,9,4,6,3,3,1,1,1
Real Sociedad: SOT: 3,7,3,2,4,5,4,6,7,3 | Shots: 5,17,10,7,17,11,23,18,15,13 | Fouls: 19,20,13,12,13,20,17,18,16,11 | Tackles: 22,8,11,25,13,25,13,15,16,19 | Cards: 1,3,1,2,2,6,2,1,2,2 | Saves: 0,0,1,8,3,4,4,0,1,1 | GKicks: 4,4,4,11,5,8,8,7,9,5 | Corners: 1,10,7,1,11,5,12,10,5,7
Sevilla: SOT: 1,4,5,1,2,3,3,4,3,6 | Shots: 6,13,13,4,16,9,7,13,12,12 | Fouls: 14,16,18,15,17,19,23,14,10,12 | Tackles: 13,15,18,15,23,20,22,17,24,18 | Cards: 3,2,7,2,2,7,4,2,2,2 | Saves: 1,3,7,6,3,4,0,5,4,0 | GKicks: 6,2,8,10,5,4,4,7,1,4 | Corners: 9,9,7,4,3,4,2,3,5,1
Valencia: SOT: 3,2,6,5,2,5,1,4,1,2 | Shots: 15,5,19,16,5,13,2,7,4,18 | Fouls: 13,20,12,14,9,13,8,18,13,5 | Tackles: 23,18,10,10,25,20,19,12,12,12 | Cards: 2,2,1,1,4,1,1,2,2,1 | Saves: 3,3,2,2,6,6,5,1,3,2 | GKicks: 6,11,4,4,9,6,12,8,11,12 | Corners: 7,0,7,5,3,5,4,8,4,8
Villarreal: SOT: 5,3,2,5,5,8,1,3,7,10 | Shots: 12,7,9,14,12,26,8,8,19,25 | Fouls: 14,13,14,13,14,10,15,8,8,10 | Tackles: 12,11,29,23,18,15,12,28,22,11 | Cards: 4,1,5,2,3,2,4,1,1,1 | Saves: 3,1,4,4,1,2,1,2,2,4 | GKicks: 4,13,13,4,9,8,5,11,6,2 | Corners: 5,5,0,6,3,7,3,5,8,10

===== League 567 =====
Albacete: SOT: 4,8,4,3,7,8,1,5,4,2 | Shots: 21,11,13,9,11,19,6,18,12,8 | Fouls: 8,18,8,11,9,8,16,10,13,13 | Tackles: 19,16,17,18,20,20,12,15,13,17 | Cards: 0,4,1,2,2,3,3,3,4,1 | Saves: 6,5,1,1,3,5,1,2,0,2 | GKicks: 4,15,4,2,7,9,9,9,4,6 | Corners: 9,3,6,1,8,2,6,5,4,2
Almería: SOT: 4,4,14,3,2,9,3,5,5,3 | Shots: 15,13,22,10,13,24,14,15,16,13 | Fouls: 11,11,18,13,17,15,13,15,14,15 | Tackles: 19,11,15,12,20,11,13,22,17,13 | Cards: 1,2,2,3,5,3,5,4,4,2 | Saves: 4,4,3,3,3,4,5,4,1,6 | GKicks: 9,7,8,10,6,8,5,6,9,8 | Corners: 6,2,7,2,1,6,3,5,8,5
Burgos: SOT: 3,4,1,2,3,3,5,2,4,1 | Shots: 14,13,7,4,7,16,10,6,12,11 | Fouls: 13,19,16,13,13,9,10,16,11,14 | Tackles: 20,15,14,14,16,26,21,15,15,25 | Cards: 4,4,8,3,5,1,2,2,2,1 | Saves: 1,2,2,2,1,1,6,7,3,2 | GKicks: 10,9,6,5,7,9,14,7,6,8 | Corners: 6,4,2,1,0,6,4,2,4,6
Castellón: SOT: 4,5,5,5,1,8,7,2,5,4 | Shots: 9,22,16,12,10,13,15,6,14,11 | Fouls: 11,14,6,13,20,11,11,17,14,14 | Tackles: 21,12,19,14,21,18,19,19,9,16 | Cards: 2,7,4,3,2,5,3,0,2,3 | Saves: 3,7,0,3,1,1,1,3,1,3 | GKicks: 11,7,5,4,7,8,1,6,5,5 | Corners: 3,9,7,3,2,4,10,4,7,8
Ceuta: SOT: 1,5,1,3,3,3,5,4,1,7 | Shots: 5,12,3,12,11,7,10,14,11,12 | Fouls: 11,14,17,13,16,18,12,13,7,11 | Tackles: 10,17,13,16,12,13,20,11,14,14 | Cards: 1,2,3,4,2,5,6,1,2,1 | Saves: 2,0,4,1,3,3,4,0,5,3 | GKicks: 10,5,10,6,10,8,9,3,7,4 | Corners: 2,5,3,7,1,6,6,8,1,3
Cultural Leonesa: SOT: 2,13,5,1,4,2,5,1,2,6 | Shots: 15,19,15,6,9,10,11,8,9,10 | Fouls: 15,9,13,19,21,15,15,17,12,10 | Tackles: 17,18,23,18,21,22,19,23,14,18 | Cards: 3,2,2,1,3,3,3,0,1,1 | Saves: 0,2,3,3,1,5,6,5,5,1 | GKicks: 5,6,9,7,14,11,7,11,14,10 | Corners: 8,5,6,6,2,1,1,9,3,3
Cádiz: SOT: 1,3,2,3,3,3,4,2,2,3 | Shots: 11,9,11,8,8,7,12,9,6,10 | Fouls: 17,14,12,18,10,11,15,13,15,17 | Tackles: 12,18,14,14,12,23,21,17,14,16 | Cards: 2,3,2,4,2,2,2,3,4,1 | Saves: 1,1,1,0,3,5,4,2,3,3 | GKicks: 13,6,9,12,7,10,7,11,7,4 | Corners: 4,1,13,5,1,2,5,5,7,5
Córdoba: SOT: 9,5,5,2,3,5,6,5,1,5 | Shots: 13,14,19,11,13,24,19,10,5,13 | Fouls: 10,17,19,18,19,8,23,15,16,20 | Tackles: 23,17,29,15,15,25,15,25,30,23 | Cards: 0,2,4,5,5,3,4,2,2,4 | Saves: 3,3,5,4,5,3,5,1,6,2 | GKicks: 11,6,4,10,3,4,8,6,11,4 | Corners: 4,3,4,4,5,12,7,4,0,3
Deportivo La Coruña: SOT: 4,5,4,4,3,6,9,6,6,2 | Shots: 10,12,10,15,9,16,22,14,13,10 | Fouls: 18,10,11,11,13,14,10,9,21,13 | Tackles: 15,13,21,11,18,12,13,14,18,16 | Cards: 3,1,3,3,5,1,3,3,3,2 | Saves: 4,4,2,2,9,0,5,3,5,1 | GKicks: 5,14,7,2,10,8,4,5,7,7 | Corners: 4,6,9,4,2,6,6,6,3,2
FC Andorra: SOT: 5,3,3,4,4,6,8,5,5,10 | Shots: 23,13,10,8,14,18,14,11,14,17 | Fouls: 13,15,13,9,17,15,16,11,11,17 | Tackles: 15,18,18,17,18,11,20,19,14,19 | Cards: 3,4,3,3,3,2,2,4,1,2 | Saves: 3,4,1,3,5,1,5,4,3,5 | GKicks: 6,8,6,10,11,5,12,6,9,5 | Corners: 7,5,4,7,3,8,3,5,5,5
Granada: SOT: 1,4,1,5,3,2,4,7,4,0 | Shots: 18,13,11,13,9,7,13,18,15,3 | Fouls: 7,13,18,18,12,13,12,13,15,16 | Tackles: 12,29,13,21,12,17,10,20,11,18 | Cards: 1,2,1,2,1,3,2,1,3,5 | Saves: 1,3,1,6,2,2,1,1,2,3 | GKicks: 8,9,9,7,8,9,6,6,6,11 | Corners: 8,3,7,2,2,1,5,1,6,3
Huesca: SOT: 3,1,4,2,0,3,1,4,2,3 | Shots: 13,10,9,15,6,12,6,11,6,14 | Fouls: 19,12,14,12,9,17,11,14,13,11 | Tackles: 10,15,20,8,11,17,19,11,14,14 | Cards: 3,3,2,1,2,4,4,2,2,2 | Saves: 0,1,1,2,3,3,2,2,2,2 | GKicks: 12,12,9,8,5,8,9,11,8,9 | Corners: 5,2,1,13,3,4,0,5,4,5
Las Palmas: SOT: 1,9,1,1,3,1,5,7,6,5 | Shots: 12,11,9,14,9,3,16,15,14,13 | Fouls: 7,16,10,11,12,16,14,13,8,16 | Tackles: 11,10,14,3,12,10,17,15,14,15 | Cards: 1,2,1,1,3,5,1,2,2,1 | Saves: 2,1,1,3,1,3,1,2,0,3 | GKicks: 9,6,12,2,10,8,3,5,5,11 | Corners: 4,1,7,6,5,4,4,6,7,2
Leganés: SOT: 3,8,7,5,0,3,3,5,7,4 | Shots: 9,15,17,11,7,8,5,12,19,9 | Fouls: 10,9,7,9,18,23,18,9,8,13 | Tackles: 11,20,11,18,14,8,19,17,17,13 | Cards: 5,1,1,3,4,8,3,3,4,2 | Saves: 3,4,4,3,0,0,3,2,4,2 | GKicks: 11,10,5,6,14,5,12,4,7,6 | Corners: 2,7,10,1,6,2,1,3,4,7
Mirandés: SOT: 3,0,4,2,2,2,6,6,4,2 | Shots: 14,6,13,10,14,7,9,13,11,5 | Fouls: 28,15,16,11,19,22,13,7,20,16 | Tackles: 13,19,10,16,10,20,12,11,15,6 | Cards: 5,1,6,2,3,5,2,1,2,5 | Saves: 4,3,7,4,1,5,4,4,3,1 | GKicks: 5,6,11,12,6,17,8,14,7,9 | Corners: 5,5,3,2,4,4,1,2,1,1
Málaga: SOT: 7,5,5,5,2,5,3,3,1,5 | Shots: 16,14,15,10,6,17,7,8,9,21 | Fouls: 12,7,15,15,17,10,11,16,17,12 | Tackles: 19,19,15,17,11,30,19,24,17,16 | Cards: 3,0,1,1,5,1,2,2,4,2 | Saves: 3,5,4,4,1,2,2,5,6,4 | GKicks: 6,8,8,7,7,5,7,9,8,7 | Corners: 2,5,1,3,3,5,3,2,3,6
Racing Santander: SOT: 1,7,6,3,8,6,6,8,7,9 | Shots: 13,16,21,13,16,18,9,20,11,17 | Fouls: 14,15,7,13,16,11,15,8,18,19 | Tackles: 13,17,9,19,15,18,11,15,13,20 | Cards: 5,2,3,6,2,3,3,0,3,0 | Saves: 4,2,5,2,5,2,3,1,3,0 | GKicks: 6,9,8,5,6,6,11,7,10,8 | Corners: 5,4,6,6,11,15,1,11,3,5
Real Sociedad II: SOT: 4,1,4,8,5,4,1,5,3,4 | Shots: 12,5,8,14,10,16,3,17,9,10 | Fouls: 19,13,18,18,23,18,20,20,19,15 | Tackles: 16,20,20,21,22,13,14,18,21,25 | Cards: 1,2,4,4,4,2,6,4,3,2 | Saves: 1,1,3,0,2,3,3,0,3,4 | GKicks: 8,9,5,7,5,9,8,12,5,13 | Corners: 8,3,2,5,8,3,2,1,2,2
Real Valladolid: SOT: 5,5,3,5,1,5,8,4,6,4 | Shots: 15,17,11,22,18,15,11,10,12,10 | Fouls: 17,12,28,9,14,12,28,21,17,19 | Tackles: 28,21,18,16,18,12,17,22,27,21 | Cards: 4,0,7,0,3,1,5,4,2,3 | Saves: 3,2,1,1,3,6,2,2,1,4 | GKicks: 10,6,13,10,4,10,5,7,4,6 | Corners: 5,5,2,14,2,6,8,7,7,9
Real Zaragoza: SOT: 3,2,5,4,2,3,1,2,2,6 | Shots: 22,9,14,10,10,12,10,8,12,13 | Fouls: 18,9,12,12,18,10,7,16,16,14 | Tackles: 11,11,15,19,10,20,8,21,17,21 | Cards: 1,7,2,7,4,2,1,5,3,2 | Saves: 2,7,9,2,2,2,1,3,4,7 | GKicks: 5,9,7,11,5,7,8,6,11,9 | Corners: 16,3,5,7,2,5,3,1,3,6
SD Eibar: SOT: 3,2,0,1,10,6,4,6,3,6 | Shots: 12,9,7,5,23,12,17,16,13,16 | Fouls: 13,17,13,10,13,14,12,20,15,23 | Tackles: 16,17,24,16,14,23,15,29,15,10 | Cards: 2,1,1,2,4,2,3,3,2,2 | Saves: 3,6,5,2,2,3,3,5,2,0 | GKicks: 6,4,13,8,9,10,5,2,8,2 | Corners: 7,5,1,3,6,2,4,10,6,6
Sporting Gijón: SOT: 3,5,4,4,6,5,9,3,6,4 | Shots: 4,7,9,5,11,9,29,8,17,7 | Fouls: 12,9,14,18,12,7,8,14,12,15 | Tackles: 14,33,25,26,14,10,17,13,12,17 | Cards: 2,3,2,6,1,10,1,1,4,2 | Saves: 3,3,2,2,3,7,2,5,2,7 | GKicks: 13,10,11,11,4,13,4,5,6,4 | Corners: 2,1,4,1,2,1,8,3,10,3

===== League 600 =====
Alanyaspor: SOT: 1,5,6,8,6,2,4,3,2,1 | Shots: 9,15,12,22,13,5,7,9,12,9 | Fouls: 8,4,17,14,14,11,11,8,18,22 | Tackles: 16,10,14,8,9,11,13,12,12,13 | Cards: 0,3,3,2,3,2,3,1,3,1 | Saves: 4,5,5,1,4,4,4,4,1,3 | GKicks: 8,6,6,4,9,10,9,7,3,10 | Corners: 2,8,5,6,4,0,1,2,5,3
Antalyaspor: SOT: 4,4,7,2,6,4,5,4,4,6 | Shots: 10,7,15,4,13,6,8,7,8,16 | Fouls: 10,15,10,14,12,10,15,13,9,12 | Tackles: 18,14,17,16,8,14,15,15,13,6 | Cards: 4,6,3,6,3,2,0,2,2,3 | Saves: 5,5,2,9,3,1,4,5,2,1 | GKicks: 7,11,4,10,9,13,10,12,10,9 | Corners: 3,5,6,3,10,2,7,5,3,3
Beşiktaş: SOT: 6,4,4,5,6,9,2,6,4,9 | Shots: 20,9,11,11,13,13,13,21,15,18 | Fouls: 10,16,21,16,18,14,12,12,18,14 | Tackles: 11,16,12,12,22,10,17,15,15,19 | Cards: 2,3,2,6,1,2,1,4,3,2 | Saves: 4,3,1,1,0,2,2,3,1,3 | GKicks: 6,15,5,15,8,8,9,3,7,6 | Corners: 0,3,5,8,3,5,5,10,6,10
Eyüpspor: SOT: 4,10,6,2,2,2,1,3,4,3 | Shots: 10,18,12,6,20,9,12,5,11,16 | Fouls: 12,6,17,6,14,9,11,19,10,9 | Tackles: 18,12,19,18,16,14,6,14,20,13 | Cards: 1,1,3,2,2,3,5,3,2,2 | Saves: 4,3,2,2,3,8,4,1,7,1 | GKicks: 3,6,5,11,7,13,10,7,13,4 | Corners: 3,8,3,6,4,6,4,0,3,8
Fatih Karagümrük: SOT: 3,6,4,3,3,2,2,6,2,2 | Shots: 10,16,13,13,11,6,14,17,11,6 | Fouls: 16,17,22,18,9,14,8,14,13,12 | Tackles: 21,17,11,21,11,12,12,10,11,17 | Cards: 2,6,1,4,2,2,0,2,2,2 | Saves: 6,6,5,7,3,0,1,3,4,5 | GKicks: 5,10,6,9,12,5,11,5,10,23 | Corners: 1,6,5,1,5,3,6,4,4,3
Fenerbahçe: SOT: 13,8,1,11,2,7,9,3,7,1 | Shots: 20,21,6,19,9,19,29,13,21,12 | Fouls: 15,10,15,19,15,10,12,15,12,13 | Tackles: 31,24,14,24,20,21,32,17,25,9 | Cards: 5,2,3,4,1,1,4,0,1,6 | Saves: 5,5,4,2,1,0,1,2,0,2 | GKicks: 9,5,7,2,10,4,1,8,6,5 | Corners: 4,6,5,5,8,8,9,3,6,6
Galatasaray: SOT: 13,5,2,2,7,9,7,9,8,5 | Shots: 27,16,14,7,13,21,16,19,28,15 | Fouls: 8,10,7,16,19,12,11,8,11,15 | Tackles: 12,11,8,11,23,27,24,11,18,19 | Cards: 1,6,2,1,1,1,1,2,0,4 | Saves: 2,0,4,8,4,2,3,2,2,2 | GKicks: 2,6,4,10,11,7,6,13,7,6 | Corners: 8,4,4,0,4,6,5,3,10,4
Gaziantep F.K.: SOT: 5,8,8,7,1,5,6,4,1,2 | Shots: 8,22,17,30,4,14,9,25,17,5 | Fouls: 12,11,15,4,17,20,18,12,11,14 | Tackles: 11,21,21,12,25,21,16,14,16,16 | Cards: 3,5,4,3,4,5,4,3,3,3 | Saves: 8,2,3,1,5,2,4,2,4,2 | GKicks: 5,5,7,8,9,2,13,3,9,12 | Corners: 6,6,2,13,5,3,4,10,6,1
Gençlerbirliği: SOT: 2,2,7,1,4,4,3,3,2,1 | Shots: 15,5,11,2,11,15,9,7,14,8 | Fouls: 11,14,15,16,18,14,9,18,3,12 | Tackles: 17,14,15,10,21,18,5,12,12,16 | Cards: 5,4,2,5,3,2,1,7,0,0 | Saves: 4,3,4,5,2,4,1,2,3,1 | GKicks: 6,11,11,16,21,9,5,14,10,10 | Corners: 6,4,7,0,2,7,3,4,8,3
Göztepe: SOT: 3,6,2,2,5,7,8,7,2,4 | Shots: 5,10,9,16,13,13,18,16,12,17 | Fouls: 12,14,22,19,16,17,17,19,24,14 | Tackles: 17,7,14,17,17,7,15,24,12,19 | Cards: 3,5,2,1,2,1,2,2,8,1 | Saves: 10,4,3,2,2,5,1,2,1,1 | GKicks: 11,9,11,9,6,4,8,8,9,9 | Corners: 2,4,6,3,6,7,5,6,3,5
İstanbul Başakşehir: SOT: 4,9,4,2,3,4,5,1,4,4 | Shots: 16,19,15,5,11,17,13,4,11,10 | Fouls: 12,15,11,16,11,7,21,16,7,21 | Tackles: 11,7,28,11,20,13,10,15,17,15 | Cards: 2,2,2,2,3,0,3,2,5,4 | Saves: 6,4,4,3,1,4,5,2,4,1 | GKicks: 5,8,9,9,9,4,8,8,12,11 | Corners: 6,8,5,2,5,11,7,4,5,5
Kasımpaşa: SOT: 4,3,2,2,2,4,1,6,0,2 | Shots: 12,9,10,8,17,17,8,20,8,10 | Fouls: 14,9,14,17,11,15,17,15,24,21 | Tackles: 12,17,7,27,19,14,15,12,25,7 | Cards: 1,1,2,2,4,3,5,4,2,4 | Saves: 5,7,5,1,1,3,2,3,0,4 | GKicks: 10,8,7,7,7,6,12,1,7,8 | Corners: 8,10,5,4,5,4,4,3,6,3
Kayserispor: SOT: 10,3,7,6,2,4,6,2,2,3 | Shots: 13,14,17,23,6,14,8,12,8,9 | Fouls: 21,13,14,16,17,18,12,13,5,13 | Tackles: 23,13,14,11,15,14,10,14,12,17 | Cards: 5,2,3,5,4,3,4,2,2,1 | Saves: 1,3,8,0,5,4,6,3,5,3 | GKicks: 11,10,8,3,6,3,13,5,14,10 | Corners: 7,6,2,10,4,4,3,7,6,7
Kocaelispor: SOT: 6,5,3,4,1,6,2,4,1,5 | Shots: 11,14,7,9,7,16,3,10,7,13 | Fouls: 18,16,20,18,14,11,20,12,15,10 | Tackles: 16,16,15,16,8,17,17,11,8,10 | Cards: 2,0,5,3,4,4,4,3,3,3 | Saves: 2,1,1,6,4,0,3,1,4,5 | GKicks: 8,10,9,3,5,3,9,10,9,17 | Corners: 5,4,4,3,6,8,6,4,0,4
Konyaspor: SOT: 6,3,3,6,5,5,5,2,7,5 | Shots: 16,22,12,7,13,14,13,10,15,16 | Fouls: 17,7,15,11,15,7,17,4,17,12 | Tackles: 9,13,18,7,13,9,13,22,18,22 | Cards: 3,1,4,3,5,0,5,2,3,1 | Saves: 1,2,0,1,3,4,2,7,2,2 | GKicks: 11,3,6,10,12,6,4,8,12,14 | Corners: 5,17,3,3,2,6,6,6,2,7
Rizespor: SOT: 1,4,3,7,2,1,5,4,3,1 | Shots: 8,14,22,14,13,8,15,9,7,13 | Fouls: 14,16,18,16,8,19,22,9,14,9 | Tackles: 17,16,19,17,14,12,14,20,14,18 | Cards: 2,3,3,4,1,4,4,4,2,2 | Saves: 6,4,3,5,0,5,4,4,1,1 | GKicks: 10,7,5,4,10,13,10,10,5,12 | Corners: 4,5,7,2,1,3,4,2,1,3
Samsunspor: SOT: 7,5,4,3,5,3,3,4,5,3 | Shots: 27,13,12,9,14,10,16,13,13,9 | Fouls: 9,11,13,22,16,15,13,13,16,12 | Tackles: 16,16,15,21,21,11,10,19,6,15 | Cards: 0,3,0,7,2,4,3,4,2,1 | Saves: 0,2,1,5,2,4,2,2,6,0 | GKicks: 4,10,7,16,10,10,2,6,5,3 | Corners: 7,5,6,7,6,5,6,10,7,2
Trabzonspor: SOT: 6,5,12,11,6,1,3,6,1,1 | Shots: 14,8,25,22,27,1,9,17,11,11 | Fouls: 18,8,15,13,12,18,7,12,13,9 | Tackles: 14,16,8,11,23,16,17,10,14,18 | Cards: 4,0,0,1,2,4,1,1,2,2 | Saves: 4,2,7,0,0,8,3,4,0,2 | GKicks: 8,11,7,7,4,12,8,6,11,8 | Corners: 8,0,6,7,4,0,2,5,4,3
